    gen	allel	   Ho	   Hs	   Ht	  Fis	  Fst	  Fit
    1	995.90	0.0000	0.9980	0.9989	1.0000	0.0009	1.0000
    2	983.90	0.0000	0.9969	0.9988	1.0000	0.0018	1.0000
    3	962.70	0.0000	0.9959	0.9987	1.0000	0.0028	1.0000
    4	935.90	0.0000	0.9949	0.9985	1.0000	0.0036	1.0000
    5	908.90	0.0000	0.9940	0.9984	1.0000	0.0045	1.0000
    6	875.60	0.0000	0.9930	0.9983	1.0000	0.0053	1.0000
    7	845.10	0.0000	0.9920	0.9982	1.0000	0.0062	1.0000
    8	811.50	0.0000	0.9910	0.9981	1.0000	0.0071	1.0000
    9	779.40	0.0000	0.9900	0.9980	1.0000	0.0080	1.0000
   10	753.80	0.0000	0.9891	0.9979	1.0000	0.0088	1.0000
   11	722.90	0.0000	0.9882	0.9978	1.0000	0.0096	1.0000
   12	700.00	0.0000	0.9874	0.9977	1.0000	0.0103	1.0000
   13	672.90	0.0000	0.9865	0.9976	1.0000	0.0112	1.0000
   14	648.60	0.0000	0.9855	0.9975	1.0000	0.0120	1.0000
   15	629.40	0.0000	0.9846	0.9974	1.0000	0.0129	1.0000
   16	611.80	0.0000	0.9834	0.9973	1.0000	0.0139	1.0000
   17	592.00	0.0000	0.9826	0.9972	1.0000	0.0146	1.0000
   18	578.10	0.0000	0.9815	0.9971	1.0000	0.0157	1.0000
   19	565.80	0.0000	0.9806	0.9970	1.0000	0.0164	1.0000
   20	548.90	0.0000	0.9794	0.9968	1.0000	0.0175	1.0000
   21	531.90	0.0000	0.9789	0.9968	1.0000	0.0180	1.0000
   22	520.60	0.0000	0.9781	0.9967	1.0000	0.0187	1.0000
   23	510.10	0.0000	0.9776	0.9966	1.0000	0.0191	1.0000
   24	501.20	0.0000	0.9763	0.9965	1.0000	0.0202	1.0000
   25	486.90	0.0000	0.9753	0.9964	1.0000	0.0212	1.0000
   26	475.20	0.0000	0.9735	0.9962	1.0000	0.0228	1.0000
   27	459.50	0.0000	0.9720	0.9960	1.0000	0.0241	1.0000
   28	451.70	0.0000	0.9711	0.9959	1.0000	0.0249	1.0000
   29	440.40	0.0000	0.9699	0.9958	1.0000	0.0259	1.0000
   30	430.90	0.0000	0.9686	0.9956	1.0000	0.0271	1.0000
   31	419.30	0.0000	0.9673	0.9955	1.0000	0.0283	1.0000
   32	405.00	0.0000	0.9663	0.9953	1.0000	0.0292	1.0000
   33	400.50	0.0000	0.9648	0.9952	1.0000	0.0305	1.0000
   34	391.90	0.0000	0.9643	0.9951	1.0000	0.0310	1.0000
   35	384.40	0.0000	0.9629	0.9950	1.0000	0.0322	1.0000
   36	376.50	0.0000	0.9629	0.9950	1.0000	0.0322	1.0000
   37	368.40	0.0000	0.9625	0.9949	1.0000	0.0326	1.0000
   38	363.20	0.0000	0.9623	0.9949	1.0000	0.0327	1.0000
   39	355.60	0.0000	0.9619	0.9948	1.0000	0.0331	1.0000
   40	350.40	0.0000	0.9605	0.9947	1.0000	0.0343	1.0000
   41	342.40	0.0000	0.9597	0.9946	1.0000	0.0351	1.0000
   42	336.30	0.0000	0.9593	0.9946	1.0000	0.0355	1.0000
   43	328.70	0.0000	0.9585	0.9945	1.0000	0.0362	1.0000
   44	320.70	0.0000	0.9579	0.9944	1.0000	0.0367	1.0000
   45	313.60	0.0000	0.9562	0.9942	1.0000	0.0383	1.0000
   46	307.10	0.0000	0.9556	0.9941	1.0000	0.0388	1.0000
   47	301.90	0.0000	0.9556	0.9941	1.0000	0.0388	1.0000
   48	294.60	0.0000	0.9549	0.9941	1.0000	0.0394	1.0000
   49	290.40	0.0000	0.9540	0.9940	1.0000	0.0402	1.0000
   50	285.10	0.0000	0.9530	0.9939	1.0000	0.0412	1.0000
   51	280.50	0.0000	0.9519	0.9937	1.0000	0.0421	1.0000
   52	277.70	0.0000	0.9517	0.9937	1.0000	0.0423	1.0000
   53	271.70	0.0000	0.9509	0.9936	1.0000	0.0430	1.0000
   54	269.10	0.0000	0.9490	0.9935	1.0000	0.0447	1.0000
   55	266.80	0.0000	0.9484	0.9934	1.0000	0.0453	1.0000
   56	264.30	0.0000	0.9472	0.9932	1.0000	0.0463	1.0000
   57	260.70	0.0000	0.9474	0.9933	1.0000	0.0462	1.0000
   58	257.40	0.0000	0.9453	0.9930	1.0000	0.0481	1.0000
   59	252.80	0.0000	0.9430	0.9928	1.0000	0.0501	1.0000
   60	250.70	0.0000	0.9413	0.9926	1.0000	0.0517	1.0000
   61	247.70	0.0000	0.9415	0.9926	1.0000	0.0515	1.0000
   62	244.60	0.0000	0.9400	0.9925	1.0000	0.0529	1.0000
   63	241.20	0.0000	0.9385	0.9923	1.0000	0.0543	1.0000
   64	237.50	0.0000	0.9373	0.9922	1.0000	0.0553	1.0000
   65	235.80	0.0000	0.9379	0.9923	1.0000	0.0548	1.0000
   66	234.90	0.0000	0.9368	0.9921	1.0000	0.0557	1.0000
   67	232.30	0.0000	0.9357	0.9920	1.0000	0.0568	1.0000
   68	229.30	0.0000	0.9353	0.9920	1.0000	0.0571	1.0000
   69	228.10	0.0000	0.9334	0.9917	1.0000	0.0588	1.0000
   70	226.70	0.0000	0.9334	0.9917	1.0000	0.0589	1.0000
   71	223.50	0.0000	0.9323	0.9916	1.0000	0.0599	1.0000
   72	219.00	0.0000	0.9318	0.9916	1.0000	0.0603	1.0000
   73	217.70	0.0000	0.9310	0.9915	1.0000	0.0610	1.0000
   74	216.40	0.0000	0.9308	0.9915	1.0000	0.0613	1.0000
   75	215.00	0.0000	0.9287	0.9912	1.0000	0.0631	1.0000
   76	214.40	0.0000	0.9283	0.9912	1.0000	0.0634	1.0000
   77	211.50	0.0000	0.9271	0.9911	1.0000	0.0645	1.0000
   78	208.80	0.0000	0.9265	0.9910	1.0000	0.0651	1.0000
   79	206.00	0.0000	0.9272	0.9911	1.0000	0.0644	1.0000
   80	202.80	0.0000	0.9253	0.9909	1.0000	0.0662	1.0000
   81	200.50	0.0000	0.9245	0.9908	1.0000	0.0669	1.0000
   82	199.80	0.0000	0.9236	0.9907	1.0000	0.0677	1.0000
   83	197.10	0.0000	0.9245	0.9908	1.0000	0.0669	1.0000
   84	195.50	0.0000	0.9243	0.9908	1.0000	0.0671	1.0000
   85	194.70	0.0000	0.9235	0.9907	1.0000	0.0679	1.0000
   86	191.70	0.0000	0.9232	0.9907	1.0000	0.0681	1.0000
   87	190.00	0.0000	0.9216	0.9905	1.0000	0.0695	1.0000
   88	188.20	0.0000	0.9209	0.9904	1.0000	0.0702	1.0000
   89	185.80	0.0000	0.9182	0.9901	1.0000	0.0726	1.0000
   90	183.90	0.0000	0.9177	0.9901	1.0000	0.0731	1.0000
   91	182.10	0.0000	0.9160	0.9899	1.0000	0.0747	1.0000
   92	182.20	0.0000	0.9131	0.9896	1.0000	0.0773	1.0000
   93	179.00	0.0000	0.9107	0.9893	1.0000	0.0795	1.0000
   94	176.40	0.0000	0.9089	0.9892	1.0000	0.0812	1.0000
   95	176.90	0.0000	0.9063	0.9889	1.0000	0.0835	1.0000
   96	175.50	0.0000	0.9067	0.9889	1.0000	0.0832	1.0000
   97	171.00	0.0000	0.9058	0.9888	1.0000	0.0839	1.0000
   98	169.60	0.0000	0.9062	0.9888	1.0000	0.0836	1.0000
   99	168.20	0.0000	0.9039	0.9886	1.0000	0.0857	1.0000
  100	166.70	0.0000	0.9005	0.9882	1.0000	0.0888	1.0000
  101	163.70	0.0000	0.9008	0.9882	1.0000	0.0884	1.0000
  102	163.10	0.0000	0.9003	0.9881	1.0000	0.0889	1.0000
  103	160.50	0.0000	0.8957	0.9877	1.0000	0.0931	1.0000
  104	157.10	0.0000	0.8956	0.9877	1.0000	0.0932	1.0000
  105	157.30	0.0000	0.8941	0.9875	1.0000	0.0946	1.0000
  106	156.30	0.0000	0.8938	0.9875	1.0000	0.0948	1.0000
  107	154.90	0.0000	0.8940	0.9875	1.0000	0.0947	1.0000
  108	152.00	0.0000	0.8911	0.9872	1.0000	0.0973	1.0000
  109	151.50	0.0000	0.8914	0.9872	1.0000	0.0971	1.0000
  110	150.10	0.0000	0.8922	0.9873	1.0000	0.0963	1.0000
  111	150.30	0.0000	0.8923	0.9873	1.0000	0.0962	1.0000
  112	148.90	0.0000	0.8890	0.9870	1.0000	0.0993	1.0000
  113	149.10	0.0000	0.8887	0.9869	1.0000	0.0995	1.0000
  114	149.40	0.0000	0.8857	0.9866	1.0000	0.1023	1.0000
  115	147.80	0.0000	0.8832	0.9864	1.0000	0.1046	1.0000
  116	146.50	0.0000	0.8815	0.9861	1.0000	0.1061	1.0000
  117	146.80	0.0000	0.8815	0.9862	1.0000	0.1061	1.0000
  118	141.60	0.0000	0.8783	0.9858	1.0000	0.1090	1.0000
  119	140.00	0.0000	0.8774	0.9857	1.0000	0.1098	1.0000
  120	137.90	0.0000	0.8771	0.9856	1.0000	0.1102	1.0000
  121	137.40	0.0000	0.8761	0.9855	1.0000	0.1111	1.0000
  122	136.50	0.0000	0.8767	0.9856	1.0000	0.1105	1.0000
  123	137.00	0.0000	0.8776	0.9857	1.0000	0.1096	1.0000
  124	135.60	0.0000	0.8761	0.9855	1.0000	0.1111	1.0000
  125	134.80	0.0000	0.8755	0.9854	1.0000	0.1116	1.0000
  126	134.60	0.0000	0.8735	0.9852	1.0000	0.1134	1.0000
  127	134.10	0.0000	0.8732	0.9852	1.0000	0.1137	1.0000
  128	134.10	0.0000	0.8700	0.9848	1.0000	0.1166	1.0000
  129	131.60	0.0000	0.8670	0.9845	1.0000	0.1194	1.0000
  130	130.90	0.0000	0.8670	0.9845	1.0000	0.1193	1.0000
  131	129.30	0.0000	0.8685	0.9847	1.0000	0.1180	1.0000
  132	127.40	0.0000	0.8660	0.9844	1.0000	0.1203	1.0000
  133	126.80	0.0000	0.8629	0.9840	1.0000	0.1231	1.0000
  134	127.10	0.0000	0.8605	0.9837	1.0000	0.1252	1.0000
  135	127.00	0.0000	0.8570	0.9833	1.0000	0.1284	1.0000
  136	127.40	0.0000	0.8537	0.9830	1.0000	0.1315	1.0000
  137	124.60	0.0000	0.8512	0.9827	1.0000	0.1338	1.0000
  138	124.80	0.0000	0.8525	0.9829	1.0000	0.1327	1.0000
  139	123.00	0.0000	0.8511	0.9827	1.0000	0.1340	1.0000
  140	122.70	0.0000	0.8513	0.9828	1.0000	0.1338	1.0000
  141	122.20	0.0000	0.8492	0.9825	1.0000	0.1357	1.0000
  142	120.90	0.0000	0.8476	0.9823	1.0000	0.1371	1.0000
  143	120.70	0.0000	0.8466	0.9822	1.0000	0.1381	1.0000
  144	117.80	0.0000	0.8464	0.9822	1.0000	0.1383	1.0000
  145	117.00	0.0000	0.8409	0.9815	1.0000	0.1432	1.0000
  146	116.00	0.0000	0.8361	0.9810	1.0000	0.1477	1.0000
  147	114.50	0.0000	0.8363	0.9811	1.0000	0.1476	1.0000
  148	114.70	0.0000	0.8379	0.9812	1.0000	0.1461	1.0000
  149	114.70	0.0000	0.8398	0.9815	1.0000	0.1444	1.0000
  150	114.40	0.0000	0.8396	0.9814	1.0000	0.1446	1.0000
  151	113.00	0.0000	0.8390	0.9814	1.0000	0.1451	1.0000
  152	113.50	0.0000	0.8348	0.9809	1.0000	0.1490	1.0000
  153	112.20	0.0000	0.8324	0.9807	1.0000	0.1512	1.0000
  154	112.30	0.0000	0.8323	0.9807	1.0000	0.1513	1.0000
  155	111.90	0.0000	0.8324	0.9807	1.0000	0.1512	1.0000
  156	110.80	0.0000	0.8326	0.9807	1.0000	0.1510	1.0000
  157	110.50	0.0000	0.8297	0.9804	1.0000	0.1537	1.0000
  158	109.50	0.0000	0.8321	0.9806	1.0000	0.1515	1.0000
  159	110.10	0.0000	0.8341	0.9809	1.0000	0.1497	1.0000
  160	110.40	0.0000	0.8330	0.9808	1.0000	0.1506	1.0000
  161	108.30	0.0000	0.8333	0.9808	1.0000	0.1504	1.0000
  162	108.00	0.0000	0.8368	0.9812	1.0000	0.1471	1.0000
  163	106.30	0.0000	0.8369	0.9812	1.0000	0.1471	1.0000
  164	106.30	0.0000	0.8378	0.9813	1.0000	0.1463	1.0000
  165	106.70	0.0000	0.8350	0.9811	1.0000	0.1488	1.0000
  166	106.40	0.0000	0.8339	0.9809	1.0000	0.1499	1.0000
  167	105.10	0.0000	0.8350	0.9811	1.0000	0.1489	1.0000
  168	104.60	0.0000	0.8335	0.9809	1.0000	0.1503	1.0000
  169	104.10	0.0000	0.8389	0.9815	1.0000	0.1453	1.0000
  170	103.70	0.0000	0.8362	0.9812	1.0000	0.1477	1.0000
  171	103.90	0.0000	0.8350	0.9810	1.0000	0.1488	1.0000
  172	103.30	0.0000	0.8348	0.9810	1.0000	0.1490	1.0000
  173	103.70	0.0000	0.8350	0.9810	1.0000	0.1489	1.0000
  174	102.20	0.0000	0.8339	0.9809	1.0000	0.1498	1.0000
  175	102.20	0.0000	0.8338	0.9808	1.0000	0.1500	1.0000
  176	102.40	0.0000	0.8361	0.9811	1.0000	0.1478	1.0000
  177	102.70	0.0000	0.8364	0.9811	1.0000	0.1475	1.0000
  178	103.00	0.0000	0.8395	0.9814	1.0000	0.1446	1.0000
  179	101.00	0.0000	0.8403	0.9815	1.0000	0.1439	1.0000
  180	101.40	0.0000	0.8402	0.9815	1.0000	0.1440	1.0000
  181	101.30	0.0000	0.8383	0.9813	1.0000	0.1457	1.0000
  182	99.10	0.0000	0.8369	0.9812	1.0000	0.1471	1.0000
  183	99.60	0.0000	0.8387	0.9814	1.0000	0.1454	1.0000
  184	99.10	0.0000	0.8407	0.9816	1.0000	0.1436	1.0000
  185	98.40	0.0000	0.8394	0.9815	1.0000	0.1447	1.0000
  186	97.70	0.0000	0.8400	0.9816	1.0000	0.1442	1.0000
  187	97.90	0.0000	0.8357	0.9811	1.0000	0.1482	1.0000
  188	97.90	0.0000	0.8328	0.9808	1.0000	0.1508	1.0000
  189	96.40	0.0000	0.8333	0.9808	1.0000	0.1504	1.0000
  190	96.40	0.0000	0.8316	0.9806	1.0000	0.1520	1.0000
  191	95.60	0.0000	0.8332	0.9808	1.0000	0.1505	1.0000
  192	95.50	0.0000	0.8282	0.9802	1.0000	0.1551	1.0000
  193	95.90	0.0000	0.8268	0.9801	1.0000	0.1564	1.0000
  194	94.70	0.0000	0.8203	0.9794	1.0000	0.1624	1.0000
  195	95.00	0.0000	0.8191	0.9792	1.0000	0.1635	1.0000
  196	95.30	0.0000	0.8153	0.9788	1.0000	0.1670	1.0000
  197	95.40	0.0000	0.8148	0.9788	1.0000	0.1676	1.0000
  198	94.30	0.0000	0.8115	0.9784	1.0000	0.1706	1.0000
  199	94.40	0.0000	0.8049	0.9777	1.0000	0.1768	1.0000
  200	93.40	0.0000	0.8032	0.9775	1.0000	0.1784	1.0000
  201	93.10	0.0000	0.8028	0.9774	1.0000	0.1787	1.0000
  202	92.20	0.0000	0.8013	0.9773	1.0000	0.1801	1.0000
  203	91.70	0.0000	0.8034	0.9775	1.0000	0.1781	1.0000
  204	91.80	0.0000	0.8066	0.9779	1.0000	0.1752	1.0000
  205	91.80	0.0000	0.8077	0.9780	1.0000	0.1741	1.0000
  206	91.80	0.0000	0.8067	0.9779	1.0000	0.1751	1.0000
  207	91.70	0.0000	0.8074	0.9780	1.0000	0.1744	1.0000
  208	91.60	0.0000	0.8079	0.9781	1.0000	0.1740	1.0000
  209	90.40	0.0000	0.8083	0.9781	1.0000	0.1736	1.0000
  210	90.20	0.0000	0.8048	0.9777	1.0000	0.1769	1.0000
  211	89.30	0.0000	0.8057	0.9779	1.0000	0.1760	1.0000
  212	88.20	0.0000	0.8029	0.9776	1.0000	0.1786	1.0000
  213	88.90	0.0000	0.8031	0.9776	1.0000	0.1785	1.0000
  214	88.00	0.0000	0.8013	0.9774	1.0000	0.1802	1.0000
  215	86.60	0.0000	0.8059	0.9779	1.0000	0.1759	1.0000
  216	86.10	0.0000	0.8047	0.9778	1.0000	0.1770	1.0000
  217	86.20	0.0000	0.8093	0.9783	1.0000	0.1727	1.0000
  218	86.60	0.0000	0.8068	0.9780	1.0000	0.1750	1.0000
  219	86.50	0.0000	0.8060	0.9779	1.0000	0.1758	1.0000
  220	85.60	0.0000	0.8042	0.9777	1.0000	0.1774	1.0000
  221	86.00	0.0000	0.8025	0.9774	1.0000	0.1790	1.0000
  222	84.30	0.0000	0.8045	0.9776	1.0000	0.1771	1.0000
  223	83.00	0.0000	0.8029	0.9774	1.0000	0.1785	1.0000
  224	81.80	0.0000	0.8000	0.9771	1.0000	0.1813	1.0000
  225	81.80	0.0000	0.7994	0.9771	1.0000	0.1818	1.0000
  226	81.90	0.0000	0.8029	0.9774	1.0000	0.1786	1.0000
  227	81.40	0.0000	0.8005	0.9772	1.0000	0.1808	1.0000
  228	81.40	0.0000	0.8043	0.9776	1.0000	0.1773	1.0000
  229	81.40	0.0000	0.8037	0.9775	1.0000	0.1778	1.0000
  230	81.50	0.0000	0.8030	0.9774	1.0000	0.1785	1.0000
  231	82.00	0.0000	0.8022	0.9773	1.0000	0.1792	1.0000
  232	81.00	0.0000	0.8025	0.9773	1.0000	0.1789	1.0000
  233	80.60	0.0000	0.8003	0.9771	1.0000	0.1810	1.0000
  234	80.50	0.0000	0.8004	0.9772	1.0000	0.1809	1.0000
  235	81.30	0.0000	0.8000	0.9771	1.0000	0.1813	1.0000
  236	82.00	0.0000	0.7969	0.9768	1.0000	0.1842	1.0000
  237	81.90	0.0000	0.7981	0.9769	1.0000	0.1830	1.0000
  238	81.70	0.0000	0.8031	0.9775	1.0000	0.1784	1.0000
  239	81.70	0.0000	0.7995	0.9771	1.0000	0.1818	1.0000
  240	81.40	0.0000	0.7986	0.9770	1.0000	0.1826	1.0000
  241	81.90	0.0000	0.7962	0.9767	1.0000	0.1848	1.0000
  242	80.20	0.0000	0.7957	0.9766	1.0000	0.1853	1.0000
  243	80.80	0.0000	0.7985	0.9770	1.0000	0.1826	1.0000
  244	81.20	0.0000	0.7994	0.9771	1.0000	0.1819	1.0000
  245	80.90	0.0000	0.7970	0.9768	1.0000	0.1841	1.0000
  246	81.20	0.0000	0.7986	0.9770	1.0000	0.1827	1.0000
  247	79.70	0.0000	0.7981	0.9770	1.0000	0.1831	1.0000
  248	80.20	0.0000	0.7991	0.9771	1.0000	0.1821	1.0000
  249	80.50	0.0000	0.7971	0.9768	1.0000	0.1841	1.0000
  250	80.70	0.0000	0.7932	0.9764	1.0000	0.1876	1.0000
  251	80.50	0.0000	0.7927	0.9763	1.0000	0.1881	1.0000
  252	79.20	0.0000	0.7937	0.9764	1.0000	0.1871	1.0000
  253	78.60	0.0000	0.7943	0.9765	1.0000	0.1866	1.0000
  254	78.60	0.0000	0.7955	0.9767	1.0000	0.1855	1.0000
  255	78.40	0.0000	0.7931	0.9764	1.0000	0.1878	1.0000
  256	78.80	0.0000	0.7913	0.9762	1.0000	0.1894	1.0000
  257	78.20	0.0000	0.7891	0.9759	1.0000	0.1915	1.0000
  258	77.90	0.0000	0.7870	0.9757	1.0000	0.1934	1.0000
  259	77.90	0.0000	0.7874	0.9758	1.0000	0.1931	1.0000
  260	77.10	0.0000	0.7879	0.9759	1.0000	0.1926	1.0000
  261	77.00	0.0000	0.7877	0.9758	1.0000	0.1928	1.0000
  262	76.40	0.0000	0.7832	0.9753	1.0000	0.1969	1.0000
  263	76.30	0.0000	0.7838	0.9754	1.0000	0.1965	1.0000
  264	75.60	0.0000	0.7826	0.9753	1.0000	0.1975	1.0000
  265	75.60	0.0000	0.7842	0.9754	1.0000	0.1960	1.0000
  266	75.80	0.0000	0.7832	0.9753	1.0000	0.1970	1.0000
  267	75.50	0.0000	0.7805	0.9750	1.0000	0.1995	1.0000
  268	75.70	0.0000	0.7818	0.9752	1.0000	0.1982	1.0000
  269	73.80	0.0000	0.7828	0.9753	1.0000	0.1974	1.0000
  270	74.10	0.0000	0.7803	0.9750	1.0000	0.1997	1.0000
  271	74.10	0.0000	0.7758	0.9745	1.0000	0.2039	1.0000
  272	73.00	0.0000	0.7779	0.9747	1.0000	0.2020	1.0000
  273	73.70	0.0000	0.7800	0.9749	1.0000	0.1999	1.0000
  274	74.30	0.0000	0.7806	0.9750	1.0000	0.1994	1.0000
  275	73.70	0.0000	0.7777	0.9747	1.0000	0.2020	1.0000
  276	73.60	0.0000	0.7720	0.9740	1.0000	0.2074	1.0000
  277	72.00	0.0000	0.7676	0.9735	1.0000	0.2116	1.0000
  278	72.20	0.0000	0.7687	0.9736	1.0000	0.2105	1.0000
  279	72.50	0.0000	0.7660	0.9734	1.0000	0.2130	1.0000
  280	72.50	0.0000	0.7664	0.9734	1.0000	0.2127	1.0000
  281	72.70	0.0000	0.7614	0.9729	1.0000	0.2174	1.0000
  282	71.30	0.0000	0.7626	0.9730	1.0000	0.2162	1.0000
  283	70.90	0.0000	0.7636	0.9730	1.0000	0.2152	1.0000
  284	71.20	0.0000	0.7623	0.9729	1.0000	0.2164	1.0000
  285	70.90	0.0000	0.7592	0.9725	1.0000	0.2194	1.0000
  286	71.60	0.0000	0.7639	0.9730	1.0000	0.2150	1.0000
  287	71.00	0.0000	0.7682	0.9735	1.0000	0.2108	1.0000
  288	71.40	0.0000	0.7666	0.9733	1.0000	0.2123	1.0000
  289	71.60	0.0000	0.7668	0.9733	1.0000	0.2122	1.0000
  290	71.30	0.0000	0.7674	0.9734	1.0000	0.2116	1.0000
  291	70.40	0.0000	0.7681	0.9735	1.0000	0.2110	1.0000
  292	70.50	0.0000	0.7665	0.9732	1.0000	0.2124	1.0000
  293	70.80	0.0000	0.7622	0.9727	1.0000	0.2164	1.0000
  294	69.90	0.0000	0.7588	0.9724	1.0000	0.2196	1.0000
  295	70.30	0.0000	0.7566	0.9721	1.0000	0.2217	1.0000
  296	70.70	0.0000	0.7601	0.9725	1.0000	0.2184	1.0000
  297	69.50	0.0000	0.7543	0.9719	1.0000	0.2239	1.0000
  298	69.60	0.0000	0.7566	0.9722	1.0000	0.2217	1.0000
  299	69.80	0.0000	0.7561	0.9722	1.0000	0.2223	1.0000
  300	69.40	0.0000	0.7521	0.9717	1.0000	0.2260	1.0000
  301	68.00	0.0000	0.7479	0.9713	1.0000	0.2300	1.0000
  302	68.00	0.0000	0.7508	0.9716	1.0000	0.2273	1.0000
  303	68.20	0.0000	0.7540	0.9720	1.0000	0.2243	1.0000
  304	68.30	0.0000	0.7500	0.9716	1.0000	0.2281	1.0000
  305	68.00	0.0000	0.7477	0.9713	1.0000	0.2302	1.0000
  306	68.10	0.0000	0.7464	0.9712	1.0000	0.2315	1.0000
  307	68.10	0.0000	0.7470	0.9712	1.0000	0.2309	1.0000
  308	68.20	0.0000	0.7479	0.9713	1.0000	0.2300	1.0000
  309	68.50	0.0000	0.7453	0.9711	1.0000	0.2325	1.0000
  310	69.10	0.0000	0.7495	0.9715	1.0000	0.2286	1.0000
  311	68.30	0.0000	0.7450	0.9710	1.0000	0.2328	1.0000
  312	68.90	0.0000	0.7434	0.9708	1.0000	0.2342	1.0000
  313	69.20	0.0000	0.7451	0.9711	1.0000	0.2327	1.0000
  314	68.50	0.0000	0.7448	0.9711	1.0000	0.2330	1.0000
  315	69.00	0.0000	0.7490	0.9715	1.0000	0.2290	1.0000
  316	69.20	0.0000	0.7461	0.9712	1.0000	0.2318	1.0000
  317	68.50	0.0000	0.7473	0.9713	1.0000	0.2306	1.0000
  318	68.10	0.0000	0.7449	0.9710	1.0000	0.2329	1.0000
  319	67.90	0.0000	0.7467	0.9712	1.0000	0.2311	1.0000
  320	68.50	0.0000	0.7463	0.9712	1.0000	0.2316	1.0000
  321	67.80	0.0000	0.7449	0.9711	1.0000	0.2329	1.0000
  322	67.20	0.0000	0.7387	0.9704	1.0000	0.2388	1.0000
  323	66.90	0.0000	0.7380	0.9703	1.0000	0.2395	1.0000
  324	65.00	0.0000	0.7365	0.9702	1.0000	0.2409	1.0000
  325	65.50	0.0000	0.7358	0.9701	1.0000	0.2415	1.0000
  326	65.60	0.0000	0.7305	0.9696	1.0000	0.2465	1.0000
  327	65.40	0.0000	0.7267	0.9692	1.0000	0.2502	1.0000
  328	66.40	0.0000	0.7291	0.9694	1.0000	0.2478	1.0000
  329	65.70	0.0000	0.7299	0.9694	1.0000	0.2471	1.0000
  330	64.50	0.0000	0.7301	0.9695	1.0000	0.2469	1.0000
  331	64.00	0.0000	0.7330	0.9698	1.0000	0.2441	1.0000
  332	63.90	0.0000	0.7285	0.9693	1.0000	0.2484	1.0000
  333	64.00	0.0000	0.7238	0.9688	1.0000	0.2529	1.0000
  334	64.10	0.0000	0.7247	0.9689	1.0000	0.2520	1.0000
  335	64.80	0.0000	0.7253	0.9690	1.0000	0.2515	1.0000
  336	64.50	0.0000	0.7264	0.9691	1.0000	0.2505	1.0000
  337	63.40	0.0000	0.7237	0.9688	1.0000	0.2530	1.0000
  338	63.50	0.0000	0.7213	0.9686	1.0000	0.2553	1.0000
  339	64.00	0.0000	0.7208	0.9685	1.0000	0.2558	1.0000
  340	64.40	0.0000	0.7187	0.9683	1.0000	0.2578	1.0000
  341	64.60	0.0000	0.7198	0.9684	1.0000	0.2567	1.0000
  342	64.50	0.0000	0.7141	0.9678	1.0000	0.2621	1.0000
  343	64.30	0.0000	0.7149	0.9679	1.0000	0.2613	1.0000
  344	64.60	0.0000	0.7126	0.9676	1.0000	0.2635	1.0000
  345	64.50	0.0000	0.7133	0.9677	1.0000	0.2629	1.0000
  346	64.50	0.0000	0.7155	0.9679	1.0000	0.2608	1.0000
  347	64.60	0.0000	0.7144	0.9677	1.0000	0.2618	1.0000
  348	64.00	0.0000	0.7104	0.9673	1.0000	0.2656	1.0000
  349	63.70	0.0000	0.7109	0.9673	1.0000	0.2651	1.0000
  350	63.50	0.0000	0.7081	0.9670	1.0000	0.2678	1.0000
  351	63.50	0.0000	0.7059	0.9668	1.0000	0.2698	1.0000
  352	63.30	0.0000	0.7053	0.9667	1.0000	0.2704	1.0000
  353	63.30	0.0000	0.7060	0.9668	1.0000	0.2698	1.0000
  354	62.70	0.0000	0.7014	0.9663	1.0000	0.2741	1.0000
  355	62.80	0.0000	0.7000	0.9662	1.0000	0.2755	1.0000
  356	62.10	0.0000	0.7022	0.9664	1.0000	0.2734	1.0000
  357	60.80	0.0000	0.7068	0.9669	1.0000	0.2690	1.0000
  358	60.10	0.0000	0.7055	0.9668	1.0000	0.2703	1.0000
  359	60.40	0.0000	0.6983	0.9660	1.0000	0.2771	1.0000
  360	59.90	0.0000	0.7018	0.9664	1.0000	0.2738	1.0000
  361	59.90	0.0000	0.7023	0.9664	1.0000	0.2733	1.0000
  362	58.80	0.0000	0.7034	0.9666	1.0000	0.2723	1.0000
  363	58.60	0.0000	0.6986	0.9660	1.0000	0.2768	1.0000
  364	58.90	0.0000	0.6978	0.9659	1.0000	0.2776	1.0000
  365	58.50	0.0000	0.7014	0.9663	1.0000	0.2741	1.0000
  366	58.30	0.0000	0.6976	0.9659	1.0000	0.2778	1.0000
  367	59.30	0.0000	0.6963	0.9658	1.0000	0.2790	1.0000
  368	58.30	0.0000	0.6940	0.9655	1.0000	0.2812	1.0000
  369	57.80	0.0000	0.6919	0.9653	1.0000	0.2832	1.0000
  370	58.90	0.0000	0.6889	0.9650	1.0000	0.2861	1.0000
  371	58.80	0.0000	0.6870	0.9648	1.0000	0.2879	1.0000
  372	58.80	0.0000	0.6879	0.9649	1.0000	0.2870	1.0000
  373	58.10	0.0000	0.6842	0.9645	1.0000	0.2906	1.0000
  374	58.70	0.0000	0.6794	0.9639	1.0000	0.2952	1.0000
  375	59.00	0.0000	0.6811	0.9641	1.0000	0.2935	1.0000
  376	57.80	0.0000	0.6797	0.9640	1.0000	0.2949	1.0000
  377	57.70	0.0000	0.6844	0.9645	1.0000	0.2904	1.0000
  378	58.20	0.0000	0.6849	0.9646	1.0000	0.2899	1.0000
  379	58.40	0.0000	0.6845	0.9645	1.0000	0.2903	1.0000
  380	57.70	0.0000	0.6844	0.9645	1.0000	0.2904	1.0000
  381	57.50	0.0000	0.6765	0.9636	1.0000	0.2980	1.0000
  382	57.00	0.0000	0.6805	0.9641	1.0000	0.2942	1.0000
  383	57.20	0.0000	0.6729	0.9633	1.0000	0.3015	1.0000
  384	57.20	0.0000	0.6745	0.9635	1.0000	0.2999	1.0000
  385	57.70	0.0000	0.6776	0.9638	1.0000	0.2969	1.0000
  386	58.30	0.0000	0.6807	0.9641	1.0000	0.2940	1.0000
  387	57.80	0.0000	0.6784	0.9639	1.0000	0.2962	1.0000
  388	57.80	0.0000	0.6789	0.9639	1.0000	0.2957	1.0000
  389	58.50	0.0000	0.6723	0.9632	1.0000	0.3019	1.0000
  390	58.20	0.0000	0.6749	0.9635	1.0000	0.2995	1.0000
  391	58.10	0.0000	0.6751	0.9635	1.0000	0.2993	1.0000
  392	58.50	0.0000	0.6718	0.9631	1.0000	0.3024	1.0000
  393	58.30	0.0000	0.6692	0.9628	1.0000	0.3049	1.0000
  394	59.20	0.0000	0.6768	0.9636	1.0000	0.2977	1.0000
  395	59.30	0.0000	0.6764	0.9636	1.0000	0.2980	1.0000
  396	57.50	0.0000	0.6767	0.9636	1.0000	0.2977	1.0000
  397	57.30	0.0000	0.6722	0.9631	1.0000	0.3020	1.0000
  398	57.40	0.0000	0.6701	0.9628	1.0000	0.3041	1.0000
  399	57.10	0.0000	0.6715	0.9630	1.0000	0.3027	1.0000
  400	56.90	0.0000	0.6693	0.9628	1.0000	0.3048	1.0000
  401	56.40	0.0000	0.6653	0.9624	1.0000	0.3086	1.0000
  402	56.50	0.0000	0.6683	0.9627	1.0000	0.3058	1.0000
  403	55.70	0.0000	0.6700	0.9629	1.0000	0.3041	1.0000
  404	54.90	0.0000	0.6706	0.9629	1.0000	0.3036	1.0000
  405	55.30	0.0000	0.6670	0.9625	1.0000	0.3071	1.0000
  406	54.70	0.0000	0.6644	0.9622	1.0000	0.3095	1.0000
  407	54.40	0.0000	0.6643	0.9622	1.0000	0.3096	1.0000
  408	55.10	0.0000	0.6617	0.9619	1.0000	0.3121	1.0000
  409	55.40	0.0000	0.6630	0.9621	1.0000	0.3109	1.0000
  410	55.60	0.0000	0.6691	0.9628	1.0000	0.3050	1.0000
  411	56.10	0.0000	0.6727	0.9632	1.0000	0.3015	1.0000
  412	56.00	0.0000	0.6762	0.9636	1.0000	0.2983	1.0000
  413	56.50	0.0000	0.6759	0.9635	1.0000	0.2986	1.0000
  414	56.00	0.0000	0.6777	0.9637	1.0000	0.2968	1.0000
  415	55.30	0.0000	0.6755	0.9635	1.0000	0.2989	1.0000
  416	55.50	0.0000	0.6762	0.9636	1.0000	0.2982	1.0000
  417	55.00	0.0000	0.6782	0.9638	1.0000	0.2964	1.0000
  418	53.60	0.0000	0.6774	0.9638	1.0000	0.2971	1.0000
  419	54.10	0.0000	0.6775	0.9638	1.0000	0.2970	1.0000
  420	53.30	0.0000	0.6751	0.9635	1.0000	0.2993	1.0000
  421	52.40	0.0000	0.6737	0.9634	1.0000	0.3007	1.0000
  422	53.10	0.0000	0.6721	0.9632	1.0000	0.3022	1.0000
  423	52.30	0.0000	0.6694	0.9629	1.0000	0.3048	1.0000
  424	52.60	0.0000	0.6647	0.9624	1.0000	0.3093	1.0000
  425	52.30	0.0000	0.6600	0.9619	1.0000	0.3139	1.0000
  426	51.90	0.0000	0.6585	0.9618	1.0000	0.3153	1.0000
  427	52.40	0.0000	0.6473	0.9605	1.0000	0.3261	1.0000
  428	52.70	0.0000	0.6478	0.9606	1.0000	0.3257	1.0000
  429	52.30	0.0000	0.6437	0.9601	1.0000	0.3296	1.0000
  430	51.70	0.0000	0.6446	0.9602	1.0000	0.3287	1.0000
  431	52.20	0.0000	0.6445	0.9602	1.0000	0.3288	1.0000
  432	52.10	0.0000	0.6436	0.9601	1.0000	0.3296	1.0000
  433	52.20	0.0000	0.6371	0.9594	1.0000	0.3360	1.0000
  434	52.70	0.0000	0.6313	0.9587	1.0000	0.3416	1.0000
  435	51.80	0.0000	0.6284	0.9584	1.0000	0.3444	1.0000
  436	52.20	0.0000	0.6282	0.9584	1.0000	0.3446	1.0000
  437	52.00	0.0000	0.6302	0.9586	1.0000	0.3426	1.0000
  438	52.00	0.0000	0.6276	0.9584	1.0000	0.3451	1.0000
  439	52.30	0.0000	0.6221	0.9577	1.0000	0.3505	1.0000
  440	51.90	0.0000	0.6208	0.9576	1.0000	0.3517	1.0000
  441	51.60	0.0000	0.6121	0.9567	1.0000	0.3602	1.0000
  442	51.70	0.0000	0.6176	0.9573	1.0000	0.3548	1.0000
  443	51.90	0.0000	0.6151	0.9570	1.0000	0.3573	1.0000
  444	51.80	0.0000	0.6186	0.9574	1.0000	0.3538	1.0000
  445	52.10	0.0000	0.6186	0.9574	1.0000	0.3539	1.0000
  446	51.80	0.0000	0.6164	0.9572	1.0000	0.3560	1.0000
  447	52.20	0.0000	0.6164	0.9572	1.0000	0.3560	1.0000
  448	51.40	0.0000	0.6147	0.9570	1.0000	0.3577	1.0000
  449	51.80	0.0000	0.6229	0.9579	1.0000	0.3497	1.0000
  450	51.70	0.0000	0.6208	0.9577	1.0000	0.3517	1.0000
  451	51.30	0.0000	0.6277	0.9584	1.0000	0.3451	1.0000
  452	50.80	0.0000	0.6283	0.9585	1.0000	0.3445	1.0000
  453	51.90	0.0000	0.6270	0.9584	1.0000	0.3457	1.0000
  454	50.60	0.0000	0.6189	0.9575	1.0000	0.3536	1.0000
  455	51.00	0.0000	0.6170	0.9573	1.0000	0.3554	1.0000
  456	50.10	0.0000	0.6127	0.9568	1.0000	0.3596	1.0000
  457	50.40	0.0000	0.6127	0.9568	1.0000	0.3596	1.0000
  458	51.00	0.0000	0.6136	0.9569	1.0000	0.3588	1.0000
  459	51.20	0.0000	0.6110	0.9566	1.0000	0.3613	1.0000
  460	50.40	0.0000	0.6093	0.9564	1.0000	0.3629	1.0000
  461	51.20	0.0000	0.6168	0.9572	1.0000	0.3556	1.0000
  462	51.00	0.0000	0.6220	0.9578	1.0000	0.3506	1.0000
  463	50.80	0.0000	0.6223	0.9578	1.0000	0.3503	1.0000
  464	50.80	0.0000	0.6208	0.9576	1.0000	0.3517	1.0000
  465	50.80	0.0000	0.6261	0.9582	1.0000	0.3465	1.0000
  466	50.50	0.0000	0.6254	0.9581	1.0000	0.3473	1.0000
  467	50.60	0.0000	0.6297	0.9586	1.0000	0.3431	1.0000
  468	50.60	0.0000	0.6230	0.9579	1.0000	0.3496	1.0000
  469	50.50	0.0000	0.6252	0.9581	1.0000	0.3474	1.0000
  470	50.70	0.0000	0.6301	0.9586	1.0000	0.3427	1.0000
  471	49.80	0.0000	0.6213	0.9577	1.0000	0.3512	1.0000
  472	50.20	0.0000	0.6218	0.9577	1.0000	0.3508	1.0000
  473	50.10	0.0000	0.6192	0.9575	1.0000	0.3533	1.0000
  474	49.40	0.0000	0.6186	0.9574	1.0000	0.3539	1.0000
  475	49.10	0.0000	0.6168	0.9572	1.0000	0.3556	1.0000
  476	49.30	0.0000	0.6209	0.9576	1.0000	0.3516	1.0000
  477	48.90	0.0000	0.6205	0.9576	1.0000	0.3520	1.0000
  478	49.20	0.0000	0.6201	0.9575	1.0000	0.3523	1.0000
  479	48.90	0.0000	0.6201	0.9575	1.0000	0.3524	1.0000
  480	48.70	0.0000	0.6168	0.9572	1.0000	0.3556	1.0000
  481	48.50	0.0000	0.6177	0.9573	1.0000	0.3547	1.0000
  482	48.80	0.0000	0.6130	0.9567	1.0000	0.3593	1.0000
  483	48.60	0.0000	0.6010	0.9554	1.0000	0.3710	1.0000
  484	47.50	0.0000	0.5966	0.9549	1.0000	0.3752	1.0000
  485	47.30	0.0000	0.5969	0.9549	1.0000	0.3749	1.0000
  486	47.40	0.0000	0.5959	0.9548	1.0000	0.3759	1.0000
  487	47.40	0.0000	0.5909	0.9542	1.0000	0.3808	1.0000
  488	47.80	0.0000	0.5891	0.9540	1.0000	0.3825	1.0000
  489	47.80	0.0000	0.5859	0.9537	1.0000	0.3856	1.0000
  490	48.00	0.0000	0.5888	0.9540	1.0000	0.3828	1.0000
  491	48.30	0.0000	0.5886	0.9540	1.0000	0.3830	1.0000
  492	48.60	0.0000	0.5909	0.9542	1.0000	0.3808	1.0000
  493	48.70	0.0000	0.5826	0.9533	1.0000	0.3889	1.0000
  494	48.40	0.0000	0.5915	0.9543	1.0000	0.3802	1.0000
  495	47.50	0.0000	0.5929	0.9545	1.0000	0.3788	1.0000
  496	48.00	0.0000	0.5894	0.9541	1.0000	0.3822	1.0000
  497	47.40	0.0000	0.5909	0.9543	1.0000	0.3808	1.0000
  498	45.80	0.0000	0.5964	0.9549	1.0000	0.3754	1.0000
  499	46.70	0.0000	0.5942	0.9547	1.0000	0.3776	1.0000
  500	47.10	0.0000	0.5946	0.9547	1.0000	0.3772	1.0000