    gen	allel	   Ho	   Hs	   Ht	  Fis	  Fst	  Fit
    1	995.80	0.0000	0.9985	0.9989	1.0000	0.0004	1.0000
    2	985.70	0.0000	0.9982	0.9988	1.0000	0.0006	1.0000
    3	967.90	0.0000	0.9979	0.9987	1.0000	0.0008	1.0000
    4	942.20	0.0000	0.9977	0.9986	1.0000	0.0008	1.0000
    5	911.80	0.0000	0.9975	0.9985	1.0000	0.0009	1.0000
    6	882.90	0.0000	0.9974	0.9984	1.0000	0.0010	1.0000
    7	853.70	0.0000	0.9973	0.9983	1.0000	0.0010	1.0000
    8	821.60	0.0000	0.9972	0.9981	1.0000	0.0010	1.0000
    9	791.30	0.0000	0.9970	0.9981	1.0000	0.0011	1.0000
   10	768.60	0.0000	0.9969	0.9980	1.0000	0.0010	1.0000
   11	742.40	0.0000	0.9969	0.9979	1.0000	0.0010	1.0000
   12	718.20	0.0000	0.9968	0.9978	1.0000	0.0010	1.0000
   13	691.90	0.0000	0.9966	0.9976	1.0000	0.0011	1.0000
   14	668.20	0.0000	0.9965	0.9975	1.0000	0.0010	1.0000
   15	652.70	0.0000	0.9962	0.9974	1.0000	0.0012	1.0000
   16	634.70	0.0000	0.9962	0.9973	1.0000	0.0011	1.0000
   17	613.30	0.0000	0.9961	0.9972	1.0000	0.0011	1.0000
   18	599.00	0.0000	0.9961	0.9971	1.0000	0.0010	1.0000
   19	579.40	0.0000	0.9960	0.9970	1.0000	0.0010	1.0000
   20	559.60	0.0000	0.9958	0.9968	1.0000	0.0010	1.0000
   21	544.50	0.0000	0.9957	0.9967	1.0000	0.0009	1.0000
   22	525.20	0.0000	0.9955	0.9965	1.0000	0.0010	1.0000
   23	511.50	0.0000	0.9955	0.9965	1.0000	0.0010	1.0000
   24	498.40	0.0000	0.9954	0.9964	1.0000	0.0010	1.0000
   25	488.70	0.0000	0.9953	0.9964	1.0000	0.0011	1.0000
   26	478.70	0.0000	0.9952	0.9962	1.0000	0.0010	1.0000
   27	466.30	0.0000	0.9950	0.9961	1.0000	0.0011	1.0000
   28	453.00	0.0000	0.9950	0.9960	1.0000	0.0010	1.0000
   29	438.90	0.0000	0.9950	0.9960	1.0000	0.0010	1.0000
   30	427.50	0.0000	0.9947	0.9958	1.0000	0.0011	1.0000
   31	422.00	0.0000	0.9947	0.9957	1.0000	0.0010	1.0000
   32	408.10	0.0000	0.9946	0.9956	1.0000	0.0010	1.0000
   33	398.80	0.0000	0.9946	0.9956	1.0000	0.0010	1.0000
   34	392.20	0.0000	0.9945	0.9956	1.0000	0.0011	1.0000
   35	386.80	0.0000	0.9944	0.9954	1.0000	0.0010	1.0000
   36	379.60	0.0000	0.9943	0.9954	1.0000	0.0011	1.0000
   37	374.10	0.0000	0.9941	0.9953	1.0000	0.0011	1.0000
   38	368.60	0.0000	0.9941	0.9952	1.0000	0.0011	1.0000
   39	364.40	0.0000	0.9942	0.9952	1.0000	0.0011	1.0000
   40	358.50	0.0000	0.9940	0.9952	1.0000	0.0011	1.0000
   41	353.30	0.0000	0.9940	0.9950	1.0000	0.0011	1.0000
   42	346.20	0.0000	0.9939	0.9950	1.0000	0.0011	1.0000
   43	338.90	0.0000	0.9937	0.9948	1.0000	0.0011	1.0000
   44	334.00	0.0000	0.9936	0.9946	1.0000	0.0010	1.0000
   45	327.00	0.0000	0.9934	0.9944	1.0000	0.0011	1.0000
   46	320.40	0.0000	0.9933	0.9944	1.0000	0.0010	1.0000
   47	315.00	0.0000	0.9932	0.9942	1.0000	0.0010	1.0000
   48	312.70	0.0000	0.9933	0.9942	1.0000	0.0009	1.0000
   49	308.20	0.0000	0.9931	0.9942	1.0000	0.0010	1.0000
   50	303.00	0.0000	0.9930	0.9940	1.0000	0.0010	1.0000
   51	296.00	0.0000	0.9929	0.9939	1.0000	0.0010	1.0000
   52	289.80	0.0000	0.9926	0.9936	1.0000	0.0010	1.0000
   53	281.90	0.0000	0.9925	0.9936	1.0000	0.0010	1.0000
   54	279.90	0.0000	0.9925	0.9935	1.0000	0.0010	1.0000
   55	276.90	0.0000	0.9925	0.9934	1.0000	0.0009	1.0000
   56	275.50	0.0000	0.9924	0.9933	1.0000	0.0009	1.0000
   57	271.10	0.0000	0.9922	0.9931	1.0000	0.0009	1.0000
   58	266.50	0.0000	0.9922	0.9931	1.0000	0.0009	1.0000
   59	263.90	0.0000	0.9921	0.9930	1.0000	0.0008	1.0000
   60	261.70	0.0000	0.9919	0.9929	1.0000	0.0010	1.0000
   61	258.40	0.0000	0.9918	0.9927	1.0000	0.0010	1.0000
   62	253.70	0.0000	0.9916	0.9926	1.0000	0.0009	1.0000
   63	251.30	0.0000	0.9913	0.9923	1.0000	0.0011	1.0000
   64	245.70	0.0000	0.9911	0.9923	1.0000	0.0011	1.0000
   65	242.50	0.0000	0.9910	0.9921	1.0000	0.0011	1.0000
   66	240.10	0.0000	0.9912	0.9921	1.0000	0.0010	1.0000
   67	237.40	0.0000	0.9911	0.9920	1.0000	0.0009	1.0000
   68	233.10	0.0000	0.9907	0.9918	1.0000	0.0011	1.0000
   69	231.00	0.0000	0.9904	0.9914	1.0000	0.0010	1.0000
   70	228.50	0.0000	0.9902	0.9913	1.0000	0.0011	1.0000
   71	226.10	0.0000	0.9901	0.9914	1.0000	0.0013	1.0000
   72	222.30	0.0000	0.9901	0.9913	1.0000	0.0012	1.0000
   73	217.80	0.0000	0.9898	0.9910	1.0000	0.0012	1.0000
   74	214.70	0.0000	0.9898	0.9911	1.0000	0.0013	1.0000
   75	213.10	0.0000	0.9898	0.9910	1.0000	0.0013	1.0000
   76	211.80	0.0000	0.9898	0.9909	1.0000	0.0011	1.0000
   77	209.40	0.0000	0.9895	0.9907	1.0000	0.0012	1.0000
   78	208.90	0.0000	0.9893	0.9906	1.0000	0.0012	1.0000
   79	207.70	0.0000	0.9896	0.9906	1.0000	0.0011	1.0000
   80	205.30	0.0000	0.9895	0.9906	1.0000	0.0011	1.0000
   81	203.80	0.0000	0.9895	0.9906	1.0000	0.0011	1.0000
   82	201.30	0.0000	0.9893	0.9904	1.0000	0.0012	1.0000
   83	198.50	0.0000	0.9891	0.9904	1.0000	0.0012	1.0000
   84	192.50	0.0000	0.9890	0.9902	1.0000	0.0013	1.0000
   85	190.40	0.0000	0.9889	0.9900	1.0000	0.0011	1.0000
   86	186.30	0.0000	0.9884	0.9897	1.0000	0.0014	1.0000
   87	184.10	0.0000	0.9885	0.9895	1.0000	0.0011	1.0000
   88	183.20	0.0000	0.9884	0.9894	1.0000	0.0010	1.0000
   89	181.80	0.0000	0.9882	0.9892	1.0000	0.0011	1.0000
   90	181.90	0.0000	0.9880	0.9892	1.0000	0.0012	1.0000
   91	181.80	0.0000	0.9881	0.9891	1.0000	0.0010	1.0000
   92	178.10	0.0000	0.9876	0.9889	1.0000	0.0013	1.0000
   93	177.70	0.0000	0.9875	0.9888	1.0000	0.0013	1.0000
   94	175.50	0.0000	0.9874	0.9884	1.0000	0.0010	1.0000
   95	173.10	0.0000	0.9874	0.9884	1.0000	0.0010	1.0000
   96	171.70	0.0000	0.9874	0.9882	1.0000	0.0009	1.0000
   97	169.90	0.0000	0.9871	0.9881	1.0000	0.0010	1.0000
   98	169.80	0.0000	0.9868	0.9879	1.0000	0.0011	1.0000
   99	167.70	0.0000	0.9868	0.9878	1.0000	0.0011	1.0000
  100	166.00	0.0000	0.9866	0.9876	1.0000	0.0010	1.0000
  101	165.50	0.0000	0.9860	0.9872	1.0000	0.0012	1.0000
  102	165.90	0.0000	0.9863	0.9873	1.0000	0.0010	1.0000
  103	165.10	0.0000	0.9859	0.9872	1.0000	0.0013	1.0000
  104	163.70	0.0000	0.9860	0.9872	1.0000	0.0012	1.0000
  105	164.20	0.0000	0.9859	0.9872	1.0000	0.0013	1.0000
  106	161.90	0.0000	0.9857	0.9868	1.0000	0.0012	1.0000
  107	158.40	0.0000	0.9856	0.9868	1.0000	0.0012	1.0000
  108	158.30	0.0000	0.9855	0.9867	1.0000	0.0012	1.0000
  109	157.30	0.0000	0.9853	0.9865	1.0000	0.0012	1.0000
  110	153.70	0.0000	0.9853	0.9864	1.0000	0.0011	1.0000
  111	150.80	0.0000	0.9851	0.9863	1.0000	0.0012	1.0000
  112	150.80	0.0000	0.9851	0.9862	1.0000	0.0012	1.0000
  113	150.20	0.0000	0.9848	0.9860	1.0000	0.0012	1.0000
  114	148.30	0.0000	0.9849	0.9859	1.0000	0.0010	1.0000
  115	148.50	0.0000	0.9846	0.9857	1.0000	0.0012	1.0000
  116	146.30	0.0000	0.9845	0.9857	1.0000	0.0011	1.0000
  117	146.80	0.0000	0.9843	0.9855	1.0000	0.0013	1.0000
  118	144.60	0.0000	0.9847	0.9858	1.0000	0.0011	1.0000
  119	142.00	0.0000	0.9844	0.9858	1.0000	0.0014	1.0000
  120	137.90	0.0000	0.9844	0.9858	1.0000	0.0014	1.0000
  121	137.00	0.0000	0.9839	0.9853	1.0000	0.0015	1.0000
  122	136.50	0.0000	0.9837	0.9851	1.0000	0.0014	1.0000
  123	135.60	0.0000	0.9835	0.9847	1.0000	0.0012	1.0000
  124	135.90	0.0000	0.9837	0.9848	1.0000	0.0012	1.0000
  125	134.90	0.0000	0.9831	0.9845	1.0000	0.0014	1.0000
  126	133.60	0.0000	0.9832	0.9844	1.0000	0.0012	1.0000
  127	131.80	0.0000	0.9833	0.9846	1.0000	0.0013	1.0000
  128	130.00	0.0000	0.9828	0.9839	1.0000	0.0011	1.0000
  129	128.30	0.0000	0.9830	0.9841	1.0000	0.0011	1.0000
  130	127.20	0.0000	0.9828	0.9839	1.0000	0.0011	1.0000
  131	127.20	0.0000	0.9828	0.9838	1.0000	0.0010	1.0000
  132	125.70	0.0000	0.9829	0.9840	1.0000	0.0011	1.0000
  133	126.50	0.0000	0.9829	0.9837	1.0000	0.0009	1.0000
  134	126.60	0.0000	0.9829	0.9837	1.0000	0.0009	1.0000
  135	123.70	0.0000	0.9827	0.9837	1.0000	0.0010	1.0000
  136	123.80	0.0000	0.9828	0.9837	1.0000	0.0010	1.0000
  137	123.00	0.0000	0.9830	0.9840	1.0000	0.0010	1.0000
  138	123.00	0.0000	0.9830	0.9838	1.0000	0.0008	1.0000
  139	121.80	0.0000	0.9830	0.9838	1.0000	0.0008	1.0000
  140	122.30	0.0000	0.9827	0.9837	1.0000	0.0010	1.0000
  141	122.50	0.0000	0.9827	0.9836	1.0000	0.0009	1.0000
  142	120.70	0.0000	0.9825	0.9836	1.0000	0.0011	1.0000
  143	119.30	0.0000	0.9826	0.9836	1.0000	0.0010	1.0000
  144	118.50	0.0000	0.9827	0.9838	1.0000	0.0011	1.0000
  145	119.00	0.0000	0.9825	0.9838	1.0000	0.0013	1.0000
  146	117.20	0.0000	0.9827	0.9837	1.0000	0.0010	1.0000
  147	116.10	0.0000	0.9830	0.9839	1.0000	0.0009	1.0000
  148	115.10	0.0000	0.9830	0.9839	1.0000	0.0009	1.0000
  149	114.60	0.0000	0.9828	0.9837	1.0000	0.0010	1.0000
  150	114.00	0.0000	0.9829	0.9839	1.0000	0.0009	1.0000
  151	112.90	0.0000	0.9828	0.9838	1.0000	0.0010	1.0000
  152	110.40	0.0000	0.9824	0.9835	1.0000	0.0011	1.0000
  153	109.30	0.0000	0.9823	0.9834	1.0000	0.0012	1.0000
  154	109.30	0.0000	0.9820	0.9831	1.0000	0.0011	1.0000
  155	109.20	0.0000	0.9816	0.9827	1.0000	0.0011	1.0000
  156	107.30	0.0000	0.9816	0.9826	1.0000	0.0011	1.0000
  157	105.40	0.0000	0.9815	0.9825	1.0000	0.0010	1.0000
  158	104.20	0.0000	0.9812	0.9823	1.0000	0.0011	1.0000
  159	102.10	0.0000	0.9810	0.9821	1.0000	0.0011	1.0000
  160	102.20	0.0000	0.9809	0.9819	1.0000	0.0010	1.0000
  161	101.90	0.0000	0.9809	0.9818	1.0000	0.0009	1.0000
  162	100.90	0.0000	0.9806	0.9816	1.0000	0.0010	1.0000
  163	100.90	0.0000	0.9804	0.9816	1.0000	0.0012	1.0000
  164	101.10	0.0000	0.9800	0.9813	1.0000	0.0013	1.0000
  165	101.30	0.0000	0.9801	0.9811	1.0000	0.0011	1.0000
  166	101.30	0.0000	0.9797	0.9809	1.0000	0.0013	1.0000
  167	101.70	0.0000	0.9796	0.9808	1.0000	0.0012	1.0000
  168	100.60	0.0000	0.9791	0.9804	1.0000	0.0013	1.0000
  169	98.60	0.0000	0.9793	0.9804	1.0000	0.0011	1.0000
  170	99.00	0.0000	0.9790	0.9800	1.0000	0.0011	1.0000
  171	99.00	0.0000	0.9788	0.9802	1.0000	0.0013	1.0000
  172	99.40	0.0000	0.9785	0.9798	1.0000	0.0014	1.0000
  173	99.50	0.0000	0.9791	0.9803	1.0000	0.0013	1.0000
  174	98.00	0.0000	0.9788	0.9801	1.0000	0.0013	1.0000
  175	97.40	0.0000	0.9790	0.9801	1.0000	0.0011	1.0000
  176	96.70	0.0000	0.9787	0.9797	1.0000	0.0011	1.0000
  177	96.80	0.0000	0.9784	0.9795	1.0000	0.0011	1.0000
  178	95.90	0.0000	0.9785	0.9794	1.0000	0.0009	1.0000
  179	95.00	0.0000	0.9787	0.9796	1.0000	0.0009	1.0000
  180	95.10	0.0000	0.9788	0.9797	1.0000	0.0009	1.0000
  181	94.80	0.0000	0.9787	0.9796	1.0000	0.0009	1.0000
  182	94.20	0.0000	0.9785	0.9793	1.0000	0.0009	1.0000
  183	94.50	0.0000	0.9781	0.9791	1.0000	0.0010	1.0000
  184	94.10	0.0000	0.9776	0.9787	1.0000	0.0012	1.0000
  185	91.90	0.0000	0.9768	0.9780	1.0000	0.0012	1.0000
  186	91.00	0.0000	0.9767	0.9779	1.0000	0.0013	1.0000
  187	90.30	0.0000	0.9762	0.9773	1.0000	0.0011	1.0000
  188	89.80	0.0000	0.9764	0.9774	1.0000	0.0011	1.0000
  189	89.60	0.0000	0.9762	0.9774	1.0000	0.0013	1.0000
  190	90.10	0.0000	0.9765	0.9774	1.0000	0.0009	1.0000
  191	90.50	0.0000	0.9763	0.9772	1.0000	0.0009	1.0000
  192	90.40	0.0000	0.9760	0.9771	1.0000	0.0011	1.0000
  193	89.00	0.0000	0.9757	0.9771	1.0000	0.0014	1.0000
  194	89.30	0.0000	0.9757	0.9769	1.0000	0.0012	1.0000
  195	88.90	0.0000	0.9755	0.9766	1.0000	0.0011	1.0000
  196	88.50	0.0000	0.9752	0.9762	1.0000	0.0010	1.0000
  197	88.40	0.0000	0.9749	0.9758	1.0000	0.0009	1.0000
  198	88.00	0.0000	0.9748	0.9758	1.0000	0.0010	1.0000
  199	88.20	0.0000	0.9742	0.9755	1.0000	0.0012	1.0000
  200	87.10	0.0000	0.9739	0.9749	1.0000	0.0011	1.0000
  201	87.80	0.0000	0.9746	0.9755	1.0000	0.0010	1.0000
  202	88.10	0.0000	0.9744	0.9755	1.0000	0.0012	1.0000
  203	86.80	0.0000	0.9740	0.9750	1.0000	0.0011	1.0000
  204	85.30	0.0000	0.9737	0.9749	1.0000	0.0012	1.0000
  205	85.20	0.0000	0.9735	0.9747	1.0000	0.0012	1.0000
  206	84.20	0.0000	0.9729	0.9738	1.0000	0.0010	1.0000
  207	83.80	0.0000	0.9725	0.9736	1.0000	0.0011	1.0000
  208	84.10	0.0000	0.9727	0.9736	1.0000	0.0009	1.0000
  209	84.30	0.0000	0.9717	0.9726	1.0000	0.0010	1.0000
  210	84.40	0.0000	0.9709	0.9719	1.0000	0.0010	1.0000
  211	84.50	0.0000	0.9699	0.9710	1.0000	0.0011	1.0000
  212	83.90	0.0000	0.9702	0.9713	1.0000	0.0011	1.0000
  213	84.10	0.0000	0.9698	0.9710	1.0000	0.0012	1.0000
  214	83.10	0.0000	0.9696	0.9708	1.0000	0.0012	1.0000
  215	83.10	0.0000	0.9693	0.9703	1.0000	0.0011	1.0000
  216	82.00	0.0000	0.9686	0.9696	1.0000	0.0011	1.0000
  217	81.90	0.0000	0.9680	0.9693	1.0000	0.0013	1.0000
  218	82.40	0.0000	0.9682	0.9691	1.0000	0.0010	1.0000
  219	82.00	0.0000	0.9675	0.9687	1.0000	0.0012	1.0000
  220	80.70	0.0000	0.9669	0.9677	1.0000	0.0009	1.0000
  221	80.80	0.0000	0.9667	0.9677	1.0000	0.0011	1.0000
  222	80.40	0.0000	0.9664	0.9675	1.0000	0.0011	1.0000
  223	79.10	0.0000	0.9664	0.9673	1.0000	0.0009	1.0000
  224	79.70	0.0000	0.9642	0.9650	1.0000	0.0009	1.0000
  225	80.10	0.0000	0.9643	0.9653	1.0000	0.0010	1.0000
  226	80.00	0.0000	0.9631	0.9642	1.0000	0.0011	1.0000
  227	80.40	0.0000	0.9632	0.9642	1.0000	0.0011	1.0000
  228	80.40	0.0000	0.9625	0.9636	1.0000	0.0012	1.0000
  229	79.80	0.0000	0.9620	0.9631	1.0000	0.0011	1.0000
  230	79.60	0.0000	0.9619	0.9629	1.0000	0.0010	1.0000
  231	78.70	0.0000	0.9612	0.9622	1.0000	0.0011	1.0000
  232	78.10	0.0000	0.9603	0.9614	1.0000	0.0011	1.0000
  233	78.60	0.0000	0.9594	0.9604	1.0000	0.0011	1.0000
  234	77.70	0.0000	0.9607	0.9616	1.0000	0.0010	1.0000
  235	76.40	0.0000	0.9606	0.9619	1.0000	0.0013	1.0000
  236	76.50	0.0000	0.9605	0.9616	1.0000	0.0012	1.0000
  237	76.10	0.0000	0.9598	0.9608	1.0000	0.0010	1.0000
  238	75.40	0.0000	0.9603	0.9613	1.0000	0.0011	1.0000
  239	75.90	0.0000	0.9613	0.9624	1.0000	0.0011	1.0000
  240	75.60	0.0000	0.9608	0.9619	1.0000	0.0012	1.0000
  241	75.50	0.0000	0.9601	0.9611	1.0000	0.0011	1.0000
  242	74.40	0.0000	0.9597	0.9609	1.0000	0.0012	1.0000
  243	73.70	0.0000	0.9595	0.9607	1.0000	0.0012	1.0000
  244	74.00	0.0000	0.9589	0.9600	1.0000	0.0012	1.0000
  245	74.10	0.0000	0.9586	0.9596	1.0000	0.0010	1.0000
  246	73.90	0.0000	0.9584	0.9596	1.0000	0.0013	1.0000
  247	73.00	0.0000	0.9586	0.9598	1.0000	0.0013	1.0000
  248	73.40	0.0000	0.9586	0.9598	1.0000	0.0012	1.0000
  249	71.90	0.0000	0.9592	0.9603	1.0000	0.0011	1.0000
  250	72.30	0.0000	0.9591	0.9602	1.0000	0.0012	1.0000
  251	72.20	0.0000	0.9594	0.9601	1.0000	0.0007	1.0000
  252	72.70	0.0000	0.9591	0.9599	1.0000	0.0009	1.0000
  253	71.60	0.0000	0.9594	0.9602	1.0000	0.0008	1.0000
  254	71.00	0.0000	0.9578	0.9586	1.0000	0.0008	1.0000
  255	70.50	0.0000	0.9563	0.9572	1.0000	0.0009	1.0000
  256	70.60	0.0000	0.9549	0.9556	1.0000	0.0008	1.0000
  257	69.90	0.0000	0.9542	0.9550	1.0000	0.0008	1.0000
  258	70.10	0.0000	0.9540	0.9550	1.0000	0.0010	1.0000
  259	70.20	0.0000	0.9549	0.9558	1.0000	0.0009	1.0000
  260	70.30	0.0000	0.9552	0.9558	1.0000	0.0006	1.0000
  261	69.30	0.0000	0.9535	0.9543	1.0000	0.0009	1.0000
  262	70.10	0.0000	0.9548	0.9554	1.0000	0.0007	1.0000
  263	69.70	0.0000	0.9537	0.9544	1.0000	0.0008	1.0000
  264	68.10	0.0000	0.9536	0.9543	1.0000	0.0008	1.0000
  265	67.90	0.0000	0.9530	0.9537	1.0000	0.0008	1.0000
  266	68.20	0.0000	0.9529	0.9535	1.0000	0.0006	1.0000
  267	67.70	0.0000	0.9520	0.9527	1.0000	0.0007	1.0000
  268	67.80	0.0000	0.9519	0.9525	1.0000	0.0007	1.0000
  269	67.90	0.0000	0.9510	0.9517	1.0000	0.0008	1.0000
  270	67.00	0.0000	0.9506	0.9513	1.0000	0.0008	1.0000
  271	66.30	0.0000	0.9520	0.9530	1.0000	0.0011	1.0000
  272	65.70	0.0000	0.9520	0.9529	1.0000	0.0009	1.0000
  273	65.40	0.0000	0.9522	0.9531	1.0000	0.0009	1.0000
  274	64.40	0.0000	0.9502	0.9510	1.0000	0.0008	1.0000
  275	65.10	0.0000	0.9513	0.9522	1.0000	0.0010	1.0000
  276	65.50	0.0000	0.9528	0.9538	1.0000	0.0011	1.0000
  277	64.80	0.0000	0.9523	0.9534	1.0000	0.0011	1.0000
  278	64.00	0.0000	0.9501	0.9511	1.0000	0.0010	1.0000
  279	64.00	0.0000	0.9533	0.9542	1.0000	0.0009	1.0000
  280	63.60	0.0000	0.9515	0.9524	1.0000	0.0009	1.0000
  281	64.80	0.0000	0.9520	0.9530	1.0000	0.0010	1.0000
  282	64.20	0.0000	0.9510	0.9520	1.0000	0.0011	1.0000
  283	64.20	0.0000	0.9510	0.9523	1.0000	0.0014	1.0000
  284	63.00	0.0000	0.9503	0.9515	1.0000	0.0013	1.0000
  285	63.70	0.0000	0.9507	0.9516	1.0000	0.0009	1.0000
  286	62.20	0.0000	0.9506	0.9514	1.0000	0.0009	1.0000
  287	61.70	0.0000	0.9517	0.9522	1.0000	0.0005	1.0000
  288	59.90	0.0000	0.9512	0.9518	1.0000	0.0006	1.0000
  289	59.60	0.0000	0.9507	0.9512	1.0000	0.0006	1.0000
  290	59.20	0.0000	0.9490	0.9498	1.0000	0.0008	1.0000
  291	59.50	0.0000	0.9496	0.9505	1.0000	0.0010	1.0000
  292	59.20	0.0000	0.9507	0.9515	1.0000	0.0008	1.0000
  293	59.10	0.0000	0.9497	0.9505	1.0000	0.0008	1.0000
  294	59.10	0.0000	0.9489	0.9496	1.0000	0.0007	1.0000
  295	58.60	0.0000	0.9496	0.9504	1.0000	0.0009	1.0000
  296	57.60	0.0000	0.9512	0.9521	1.0000	0.0009	1.0000
  297	57.80	0.0000	0.9507	0.9515	1.0000	0.0008	1.0000
  298	58.20	0.0000	0.9513	0.9522	1.0000	0.0009	1.0000
  299	58.80	0.0000	0.9513	0.9524	1.0000	0.0012	1.0000
  300	58.30	0.0000	0.9512	0.9522	1.0000	0.0011	1.0000
  301	58.50	0.0000	0.9515	0.9526	1.0000	0.0012	1.0000
  302	58.00	0.0000	0.9533	0.9544	1.0000	0.0012	1.0000
  303	57.30	0.0000	0.9535	0.9545	1.0000	0.0010	1.0000
  304	57.50	0.0000	0.9533	0.9542	1.0000	0.0010	1.0000
  305	57.90	0.0000	0.9536	0.9546	1.0000	0.0010	1.0000
  306	56.40	0.0000	0.9542	0.9552	1.0000	0.0011	1.0000
  307	56.30	0.0000	0.9540	0.9550	1.0000	0.0011	1.0000
  308	56.60	0.0000	0.9546	0.9558	1.0000	0.0013	1.0000
  309	56.50	0.0000	0.9551	0.9561	1.0000	0.0011	1.0000
  310	56.00	0.0000	0.9552	0.9564	1.0000	0.0013	1.0000
  311	56.20	0.0000	0.9551	0.9560	1.0000	0.0009	1.0000
  312	56.90	0.0000	0.9546	0.9554	1.0000	0.0008	1.0000
  313	56.70	0.0000	0.9536	0.9547	1.0000	0.0012	1.0000
  314	56.90	0.0000	0.9527	0.9536	1.0000	0.0010	1.0000
  315	55.40	0.0000	0.9537	0.9547	1.0000	0.0011	1.0000
  316	56.10	0.0000	0.9532	0.9542	1.0000	0.0011	1.0000
  317	56.50	0.0000	0.9527	0.9538	1.0000	0.0011	1.0000
  318	56.30	0.0000	0.9532	0.9543	1.0000	0.0011	1.0000
  319	55.60	0.0000	0.9524	0.9535	1.0000	0.0012	1.0000
  320	56.20	0.0000	0.9537	0.9546	1.0000	0.0010	1.0000
  321	56.40	0.0000	0.9536	0.9543	1.0000	0.0008	1.0000
  322	56.70	0.0000	0.9545	0.9552	1.0000	0.0008	1.0000
  323	57.00	0.0000	0.9538	0.9544	1.0000	0.0006	1.0000
  324	56.80	0.0000	0.9528	0.9535	1.0000	0.0007	1.0000
  325	56.80	0.0000	0.9529	0.9535	1.0000	0.0007	1.0000
  326	56.30	0.0000	0.9520	0.9527	1.0000	0.0007	1.0000
  327	55.50	0.0000	0.9522	0.9532	1.0000	0.0011	1.0000
  328	55.80	0.0000	0.9519	0.9529	1.0000	0.0010	1.0000
  329	56.40	0.0000	0.9518	0.9528	1.0000	0.0010	1.0000
  330	56.40	0.0000	0.9515	0.9524	1.0000	0.0009	1.0000
  331	56.30	0.0000	0.9520	0.9530	1.0000	0.0010	1.0000
  332	55.90	0.0000	0.9513	0.9522	1.0000	0.0010	1.0000
  333	54.50	0.0000	0.9516	0.9526	1.0000	0.0010	1.0000
  334	54.60	0.0000	0.9507	0.9515	1.0000	0.0009	1.0000
  335	53.80	0.0000	0.9499	0.9509	1.0000	0.0010	1.0000
  336	54.50	0.0000	0.9508	0.9518	1.0000	0.0011	1.0000
  337	53.80	0.0000	0.9516	0.9526	1.0000	0.0011	1.0000
  338	54.30	0.0000	0.9512	0.9523	1.0000	0.0011	1.0000
  339	54.20	0.0000	0.9505	0.9518	1.0000	0.0014	1.0000
  340	53.70	0.0000	0.9505	0.9514	1.0000	0.0010	1.0000
  341	54.70	0.0000	0.9505	0.9514	1.0000	0.0009	1.0000
  342	54.40	0.0000	0.9499	0.9507	1.0000	0.0008	1.0000
  343	54.40	0.0000	0.9508	0.9519	1.0000	0.0012	1.0000
  344	53.80	0.0000	0.9511	0.9522	1.0000	0.0011	1.0000
  345	54.10	0.0000	0.9495	0.9506	1.0000	0.0011	1.0000
  346	54.10	0.0000	0.9500	0.9511	1.0000	0.0011	1.0000
  347	53.70	0.0000	0.9500	0.9511	1.0000	0.0012	1.0000
  348	54.10	0.0000	0.9499	0.9509	1.0000	0.0010	1.0000
  349	54.00	0.0000	0.9495	0.9505	1.0000	0.0010	1.0000
  350	54.60	0.0000	0.9484	0.9494	1.0000	0.0011	1.0000
  351	54.80	0.0000	0.9474	0.9486	1.0000	0.0012	1.0000
  352	54.10	0.0000	0.9473	0.9485	1.0000	0.0012	1.0000
  353	53.50	0.0000	0.9482	0.9493	1.0000	0.0011	1.0000
  354	53.10	0.0000	0.9472	0.9483	1.0000	0.0012	1.0000
  355	52.90	0.0000	0.9468	0.9480	1.0000	0.0013	1.0000
  356	52.00	0.0000	0.9462	0.9468	1.0000	0.0007	1.0000
  357	52.20	0.0000	0.9451	0.9458	1.0000	0.0007	1.0000
  358	51.90	0.0000	0.9434	0.9441	1.0000	0.0008	1.0000
  359	51.50	0.0000	0.9423	0.9429	1.0000	0.0007	1.0000
  360	49.90	0.0000	0.9407	0.9415	1.0000	0.0008	1.0000
  361	50.10	0.0000	0.9393	0.9399	1.0000	0.0007	1.0000
  362	50.40	0.0000	0.9386	0.9396	1.0000	0.0011	1.0000
  363	50.50	0.0000	0.9388	0.9397	1.0000	0.0010	1.0000
  364	50.10	0.0000	0.9380	0.9387	1.0000	0.0008	1.0000
  365	49.30	0.0000	0.9363	0.9370	1.0000	0.0007	1.0000
  366	47.90	0.0000	0.9353	0.9359	1.0000	0.0007	1.0000
  367	48.20	0.0000	0.9332	0.9340	1.0000	0.0009	1.0000
  368	48.00	0.0000	0.9323	0.9330	1.0000	0.0008	1.0000
  369	48.00	0.0000	0.9307	0.9318	1.0000	0.0011	1.0000
  370	48.20	0.0000	0.9299	0.9310	1.0000	0.0012	1.0000
  371	48.70	0.0000	0.9305	0.9313	1.0000	0.0009	1.0000
  372	48.60	0.0000	0.9295	0.9304	1.0000	0.0010	1.0000
  373	48.80	0.0000	0.9296	0.9306	1.0000	0.0011	1.0000
  374	48.20	0.0000	0.9280	0.9291	1.0000	0.0011	1.0000
  375	48.50	0.0000	0.9293	0.9302	1.0000	0.0009	1.0000
  376	48.30	0.0000	0.9305	0.9315	1.0000	0.0011	1.0000
  377	48.60	0.0000	0.9301	0.9310	1.0000	0.0010	1.0000
  378	48.10	0.0000	0.9305	0.9313	1.0000	0.0009	1.0000
  379	48.50	0.0000	0.9298	0.9305	1.0000	0.0007	1.0000
  380	47.90	0.0000	0.9319	0.9329	1.0000	0.0011	1.0000
  381	48.70	0.0000	0.9288	0.9302	1.0000	0.0015	1.0000
  382	48.30	0.0000	0.9306	0.9316	1.0000	0.0011	1.0000
  383	48.00	0.0000	0.9310	0.9320	1.0000	0.0011	1.0000
  384	48.90	0.0000	0.9297	0.9311	1.0000	0.0015	1.0000
  385	48.10	0.0000	0.9286	0.9299	1.0000	0.0014	1.0000
  386	47.90	0.0000	0.9282	0.9290	1.0000	0.0009	1.0000
  387	47.80	0.0000	0.9265	0.9279	1.0000	0.0015	1.0000
  388	46.80	0.0000	0.9266	0.9279	1.0000	0.0015	1.0000
  389	46.30	0.0000	0.9279	0.9289	1.0000	0.0011	1.0000
  390	46.20	0.0000	0.9269	0.9277	1.0000	0.0009	1.0000
  391	46.60	0.0000	0.9256	0.9263	1.0000	0.0007	1.0000
  392	46.80	0.0000	0.9251	0.9256	1.0000	0.0005	1.0000
  393	46.80	0.0000	0.9247	0.9252	1.0000	0.0006	1.0000
  394	46.80	0.0000	0.9232	0.9240	1.0000	0.0008	1.0000
  395	46.30	0.0000	0.9224	0.9233	1.0000	0.0009	1.0000
  396	46.20	0.0000	0.9216	0.9228	1.0000	0.0014	1.0000
  397	46.50	0.0000	0.9202	0.9213	1.0000	0.0012	1.0000
  398	46.00	0.0000	0.9185	0.9197	1.0000	0.0013	1.0000
  399	46.10	0.0000	0.9201	0.9211	1.0000	0.0012	1.0000
  400	46.10	0.0000	0.9199	0.9209	1.0000	0.0011	1.0000
  401	45.20	0.0000	0.9223	0.9233	1.0000	0.0011	1.0000
  402	44.70	0.0000	0.9209	0.9222	1.0000	0.0013	1.0000
  403	44.80	0.0000	0.9220	0.9230	1.0000	0.0011	1.0000
  404	44.30	0.0000	0.9235	0.9243	1.0000	0.0009	1.0000
  405	44.70	0.0000	0.9239	0.9249	1.0000	0.0011	1.0000
  406	44.80	0.0000	0.9222	0.9233	1.0000	0.0012	1.0000
  407	44.80	0.0000	0.9212	0.9222	1.0000	0.0010	1.0000
  408	44.90	0.0000	0.9217	0.9227	1.0000	0.0011	1.0000
  409	44.80	0.0000	0.9230	0.9240	1.0000	0.0011	1.0000
  410	44.80	0.0000	0.9230	0.9243	1.0000	0.0014	1.0000
  411	44.40	0.0000	0.9228	0.9239	1.0000	0.0012	1.0000
  412	44.50	0.0000	0.9244	0.9252	1.0000	0.0009	1.0000
  413	45.10	0.0000	0.9254	0.9263	1.0000	0.0009	1.0000
  414	44.60	0.0000	0.9245	0.9253	1.0000	0.0008	1.0000
  415	45.20	0.0000	0.9225	0.9233	1.0000	0.0009	1.0000
  416	45.70	0.0000	0.9243	0.9249	1.0000	0.0007	1.0000
  417	45.90	0.0000	0.9243	0.9250	1.0000	0.0007	1.0000
  418	45.70	0.0000	0.9244	0.9255	1.0000	0.0012	1.0000
  419	45.60	0.0000	0.9249	0.9257	1.0000	0.0008	1.0000
  420	45.80	0.0000	0.9248	0.9255	1.0000	0.0008	1.0000
  421	45.50	0.0000	0.9236	0.9247	1.0000	0.0012	1.0000
  422	45.20	0.0000	0.9209	0.9217	1.0000	0.0009	1.0000
  423	45.10	0.0000	0.9211	0.9217	1.0000	0.0006	1.0000
  424	43.70	0.0000	0.9224	0.9231	1.0000	0.0008	1.0000
  425	44.30	0.0000	0.9222	0.9229	1.0000	0.0008	1.0000
  426	44.10	0.0000	0.9214	0.9223	1.0000	0.0010	1.0000
  427	44.50	0.0000	0.9208	0.9217	1.0000	0.0009	1.0000
  428	44.20	0.0000	0.9224	0.9232	1.0000	0.0009	1.0000
  429	43.90	0.0000	0.9222	0.9227	1.0000	0.0005	1.0000
  430	44.40	0.0000	0.9220	0.9224	1.0000	0.0004	1.0000
  431	44.50	0.0000	0.9213	0.9219	1.0000	0.0006	1.0000
  432	44.60	0.0000	0.9198	0.9202	1.0000	0.0004	1.0000
  433	44.30	0.0000	0.9227	0.9232	1.0000	0.0006	1.0000
  434	44.70	0.0000	0.9236	0.9241	1.0000	0.0006	1.0000
  435	45.10	0.0000	0.9199	0.9207	1.0000	0.0008	1.0000
  436	44.50	0.0000	0.9210	0.9216	1.0000	0.0007	1.0000
  437	44.80	0.0000	0.9211	0.9221	1.0000	0.0011	1.0000
  438	44.60	0.0000	0.9229	0.9238	1.0000	0.0009	1.0000
  439	44.40	0.0000	0.9225	0.9232	1.0000	0.0008	1.0000
  440	45.00	0.0000	0.9238	0.9249	1.0000	0.0011	1.0000
  441	45.40	0.0000	0.9251	0.9259	1.0000	0.0009	1.0000
  442	45.20	0.0000	0.9239	0.9252	1.0000	0.0014	1.0000
  443	45.70	0.0000	0.9219	0.9232	1.0000	0.0014	1.0000
  444	45.50	0.0000	0.9224	0.9235	1.0000	0.0012	1.0000
  445	45.10	0.0000	0.9224	0.9236	1.0000	0.0013	1.0000
  446	45.30	0.0000	0.9207	0.9217	1.0000	0.0010	1.0000
  447	45.20	0.0000	0.9220	0.9227	1.0000	0.0008	1.0000
  448	45.40	0.0000	0.9193	0.9203	1.0000	0.0011	1.0000
  449	45.10	0.0000	0.9187	0.9198	1.0000	0.0012	1.0000
  450	44.20	0.0000	0.9201	0.9212	1.0000	0.0011	1.0000
  451	43.90	0.0000	0.9208	0.9218	1.0000	0.0011	1.0000
  452	43.50	0.0000	0.9194	0.9207	1.0000	0.0015	1.0000
  453	42.20	0.0000	0.9180	0.9194	1.0000	0.0015	1.0000
  454	41.80	0.0000	0.9173	0.9187	1.0000	0.0015	1.0000
  455	41.90	0.0000	0.9195	0.9211	1.0000	0.0017	1.0000
  456	42.20	0.0000	0.9197	0.9210	1.0000	0.0014	1.0000
  457	41.80	0.0000	0.9171	0.9187	1.0000	0.0017	1.0000
  458	42.10	0.0000	0.9182	0.9198	1.0000	0.0017	1.0000
  459	41.80	0.0000	0.9173	0.9187	1.0000	0.0015	1.0000
  460	41.60	0.0000	0.9191	0.9203	1.0000	0.0013	1.0000
  461	41.10	0.0000	0.9176	0.9188	1.0000	0.0014	1.0000
  462	41.20	0.0000	0.9164	0.9178	1.0000	0.0015	1.0000
  463	42.10	0.0000	0.9148	0.9159	1.0000	0.0013	1.0000
  464	41.70	0.0000	0.9171	0.9180	1.0000	0.0011	1.0000
  465	41.70	0.0000	0.9156	0.9165	1.0000	0.0009	1.0000
  466	41.70	0.0000	0.9156	0.9162	1.0000	0.0007	1.0000
  467	42.10	0.0000	0.9170	0.9178	1.0000	0.0009	1.0000
  468	41.50	0.0000	0.9138	0.9147	1.0000	0.0010	1.0000
  469	41.80	0.0000	0.9144	0.9153	1.0000	0.0010	1.0000
  470	40.50	0.0000	0.9154	0.9162	1.0000	0.0009	1.0000
  471	40.10	0.0000	0.9158	0.9166	1.0000	0.0009	1.0000
  472	40.30	0.0000	0.9154	0.9165	1.0000	0.0012	1.0000
  473	40.50	0.0000	0.9161	0.9170	1.0000	0.0009	1.0000
  474	40.40	0.0000	0.9139	0.9146	1.0000	0.0008	1.0000
  475	40.30	0.0000	0.9138	0.9147	1.0000	0.0011	1.0000
  476	40.30	0.0000	0.9121	0.9128	1.0000	0.0008	1.0000
  477	40.40	0.0000	0.9087	0.9097	1.0000	0.0011	1.0000
  478	40.40	0.0000	0.9078	0.9088	1.0000	0.0011	1.0000
  479	40.40	0.0000	0.9087	0.9095	1.0000	0.0009	1.0000
  480	41.10	0.0000	0.9083	0.9092	1.0000	0.0010	1.0000
  481	41.10	0.0000	0.9053	0.9063	1.0000	0.0010	1.0000
  482	40.50	0.0000	0.9042	0.9051	1.0000	0.0009	1.0000
  483	40.40	0.0000	0.9070	0.9079	1.0000	0.0010	1.0000
  484	40.20	0.0000	0.9072	0.9081	1.0000	0.0010	1.0000
  485	39.90	0.0000	0.9067	0.9075	1.0000	0.0010	1.0000
  486	40.10	0.0000	0.9066	0.9073	1.0000	0.0008	1.0000
  487	40.10	0.0000	0.9023	0.9034	1.0000	0.0012	1.0000
  488	40.10	0.0000	0.9044	0.9059	1.0000	0.0017	1.0000
  489	40.60	0.0000	0.9042	0.9054	1.0000	0.0014	1.0000
  490	41.00	0.0000	0.9006	0.9022	1.0000	0.0017	1.0000
  491	40.50	0.0000	0.9003	0.9013	1.0000	0.0012	1.0000
  492	40.50	0.0000	0.8956	0.8969	1.0000	0.0015	1.0000
  493	40.60	0.0000	0.8944	0.8955	1.0000	0.0012	1.0000
  494	40.70	0.0000	0.8900	0.8916	1.0000	0.0018	1.0000
  495	40.70	0.0000	0.8878	0.8886	1.0000	0.0009	1.0000
  496	40.30	0.0000	0.8873	0.8883	1.0000	0.0010	1.0000
  497	40.70	0.0000	0.8886	0.8893	1.0000	0.0008	1.0000
  498	40.60	0.0000	0.8874	0.8882	1.0000	0.0010	1.0000
  499	40.80	0.0000	0.8875	0.8889	1.0000	0.0016	1.0000
  500	40.50	0.0000	0.8882	0.8892	1.0000	0.0011	1.0000