    gen	allel	   Ho	   Hs	   Ht	  Fis	  Fst	  Fit
    1	359.80	0.0000	0.0946	0.0946	1.0000	-0.0000	1.0000
    2	509.50	0.0000	0.1799	0.1799	1.0000	0.0003	1.0000
    3	593.00	0.0000	0.2578	0.2580	1.0000	0.0007	1.0000
    4	646.00	0.0000	0.3309	0.3313	1.0000	0.0010	1.0000
    5	691.80	0.0000	0.3966	0.3972	1.0000	0.0015	1.0000
    6	721.80	0.0000	0.4544	0.4551	1.0000	0.0016	1.0000
    7	751.20	0.0000	0.5069	0.5079	1.0000	0.0018	1.0000
    8	770.30	0.0000	0.5549	0.5560	1.0000	0.0020	1.0000
    9	772.20	0.0000	0.5953	0.5967	1.0000	0.0024	1.0000
   10	790.20	0.0000	0.6352	0.6367	1.0000	0.0024	1.0000
   11	802.20	0.0000	0.6677	0.6693	1.0000	0.0023	1.0000
   12	809.60	0.0000	0.6996	0.7014	1.0000	0.0026	1.0000
   13	821.10	0.0000	0.7265	0.7287	1.0000	0.0030	1.0000
   14	826.80	0.0000	0.7524	0.7548	1.0000	0.0032	1.0000
   15	832.10	0.0000	0.7749	0.7775	1.0000	0.0033	1.0000
   16	843.60	0.0000	0.7953	0.7981	1.0000	0.0035	1.0000
   17	846.90	0.0000	0.8147	0.8177	1.0000	0.0036	1.0000
   18	852.70	0.0000	0.8348	0.8377	1.0000	0.0035	1.0000
   19	857.10	0.0000	0.8495	0.8524	1.0000	0.0034	1.0000
   20	856.20	0.0000	0.8612	0.8642	1.0000	0.0035	1.0000
   21	863.30	0.0000	0.8739	0.8772	1.0000	0.0038	1.0000
   22	863.10	0.0000	0.8849	0.8883	1.0000	0.0038	1.0000
   23	860.50	0.0000	0.8942	0.8977	1.0000	0.0039	1.0000
   24	867.50	0.0000	0.9026	0.9061	1.0000	0.0038	1.0000
   25	871.70	0.0000	0.9114	0.9150	1.0000	0.0039	1.0000
   26	875.90	0.0000	0.9192	0.9230	1.0000	0.0041	1.0000
   27	873.40	0.0000	0.9271	0.9310	1.0000	0.0042	1.0000
   28	875.60	0.0000	0.9363	0.9404	1.0000	0.0044	1.0000
   29	880.40	0.0000	0.9417	0.9459	1.0000	0.0045	1.0000
   30	881.90	0.0000	0.9460	0.9503	1.0000	0.0045	1.0000
   31	874.10	0.0000	0.9505	0.9549	1.0000	0.0046	1.0000
   32	875.60	0.0000	0.9538	0.9580	1.0000	0.0044	1.0000
   33	879.70	0.0000	0.9574	0.9618	1.0000	0.0045	1.0000
   34	883.70	0.0000	0.9616	0.9660	1.0000	0.0046	1.0000
   35	882.70	0.0000	0.9649	0.9693	1.0000	0.0045	1.0000
   36	887.30	0.0000	0.9673	0.9717	1.0000	0.0045	1.0000
   37	887.00	0.0000	0.9704	0.9748	1.0000	0.0045	1.0000
   38	884.70	0.0000	0.9723	0.9768	1.0000	0.0046	1.0000
   39	890.90	0.0000	0.9744	0.9789	1.0000	0.0047	1.0000
   40	890.40	0.0000	0.9765	0.9811	1.0000	0.0046	1.0000
   41	885.50	0.0000	0.9781	0.9827	1.0000	0.0047	1.0000
   42	889.00	0.0000	0.9795	0.9841	1.0000	0.0047	1.0000
   43	884.90	0.0000	0.9810	0.9858	1.0000	0.0049	1.0000
   44	886.00	0.0000	0.9823	0.9870	1.0000	0.0048	1.0000
   45	894.60	0.0000	0.9834	0.9882	1.0000	0.0049	1.0000
   46	896.00	0.0000	0.9847	0.9895	1.0000	0.0048	1.0000
   47	894.80	0.0000	0.9852	0.9900	1.0000	0.0049	1.0000
   48	892.30	0.0000	0.9857	0.9906	1.0000	0.0049	1.0000
   49	889.70	0.0000	0.9863	0.9911	1.0000	0.0048	1.0000
   50	893.20	0.0000	0.9870	0.9917	1.0000	0.0048	1.0000
   51	891.80	0.0000	0.9875	0.9923	1.0000	0.0048	1.0000
   52	894.60	0.0000	0.9881	0.9929	1.0000	0.0048	1.0000
   53	898.00	0.0000	0.9887	0.9935	1.0000	0.0048	1.0000
   54	897.10	0.0000	0.9894	0.9941	1.0000	0.0047	1.0000
   55	897.50	0.0000	0.9897	0.9944	1.0000	0.0047	1.0000
   56	895.40	0.0000	0.9899	0.9947	1.0000	0.0048	1.0000
   57	893.60	0.0000	0.9900	0.9949	1.0000	0.0049	1.0000
   58	892.90	0.0000	0.9904	0.9952	1.0000	0.0048	1.0000
   59	898.30	0.0000	0.9908	0.9955	1.0000	0.0048	1.0000
   60	896.80	0.0000	0.9910	0.9957	1.0000	0.0047	1.0000
   61	897.40	0.0000	0.9911	0.9959	1.0000	0.0048	1.0000
   62	902.00	0.0000	0.9913	0.9960	1.0000	0.0048	1.0000
   63	900.90	0.0000	0.9915	0.9962	1.0000	0.0047	1.0000
   64	897.70	0.0000	0.9917	0.9964	1.0000	0.0047	1.0000
   65	897.00	0.0000	0.9918	0.9965	1.0000	0.0048	1.0000
   66	895.80	0.0000	0.9920	0.9967	1.0000	0.0047	1.0000
   67	896.60	0.0000	0.9921	0.9968	1.0000	0.0047	1.0000
   68	894.90	0.0000	0.9922	0.9969	1.0000	0.0047	1.0000
   69	897.50	0.0000	0.9923	0.9970	1.0000	0.0047	1.0000
   70	900.30	0.0000	0.9925	0.9971	1.0000	0.0047	1.0000
   71	896.30	0.0000	0.9925	0.9972	1.0000	0.0047	1.0000
   72	895.10	0.0000	0.9925	0.9972	1.0000	0.0047	1.0000
   73	896.00	0.0000	0.9926	0.9973	1.0000	0.0048	1.0000
   74	897.60	0.0000	0.9926	0.9973	1.0000	0.0048	1.0000
   75	900.60	0.0000	0.9927	0.9974	1.0000	0.0048	1.0000
   76	898.30	0.0000	0.9927	0.9975	1.0000	0.0048	1.0000
   77	898.60	0.0000	0.9926	0.9975	1.0000	0.0049	1.0000
   78	897.30	0.0000	0.9926	0.9975	1.0000	0.0049	1.0000
   79	899.60	0.0000	0.9927	0.9976	1.0000	0.0048	1.0000
   80	898.30	0.0000	0.9927	0.9976	1.0000	0.0049	1.0000
   81	896.50	0.0000	0.9927	0.9976	1.0000	0.0049	1.0000
   82	898.40	0.0000	0.9928	0.9977	1.0000	0.0049	1.0000
   83	894.70	0.0000	0.9929	0.9977	1.0000	0.0048	1.0000
   84	898.10	0.0000	0.9930	0.9977	1.0000	0.0047	1.0000
   85	903.00	0.0000	0.9930	0.9977	1.0000	0.0048	1.0000
   86	901.30	0.0000	0.9930	0.9977	1.0000	0.0048	1.0000
   87	908.50	0.0000	0.9930	0.9978	1.0000	0.0048	1.0000
   88	902.10	0.0000	0.9931	0.9978	1.0000	0.0048	1.0000
   89	902.60	0.0000	0.9931	0.9978	1.0000	0.0048	1.0000
   90	902.00	0.0000	0.9931	0.9978	1.0000	0.0047	1.0000
   91	899.80	0.0000	0.9931	0.9978	1.0000	0.0047	1.0000
   92	902.60	0.0000	0.9931	0.9978	1.0000	0.0048	1.0000
   93	902.10	0.0000	0.9931	0.9979	1.0000	0.0048	1.0000
   94	902.70	0.0000	0.9931	0.9979	1.0000	0.0048	1.0000
   95	902.60	0.0000	0.9930	0.9979	1.0000	0.0049	1.0000
   96	901.30	0.0000	0.9930	0.9979	1.0000	0.0049	1.0000
   97	899.30	0.0000	0.9931	0.9979	1.0000	0.0049	1.0000
   98	894.20	0.0000	0.9931	0.9979	1.0000	0.0048	1.0000
   99	898.90	0.0000	0.9931	0.9979	1.0000	0.0048	1.0000
  100	898.80	0.0000	0.9930	0.9979	1.0000	0.0049	1.0000
  101	898.60	0.0000	0.9931	0.9979	1.0000	0.0049	1.0000
  102	899.10	0.0000	0.9931	0.9979	1.0000	0.0049	1.0000
  103	900.20	0.0000	0.9931	0.9979	1.0000	0.0049	1.0000
  104	900.90	0.0000	0.9931	0.9980	1.0000	0.0049	1.0000
  105	901.10	0.0000	0.9932	0.9980	1.0000	0.0048	1.0000
  106	903.70	0.0000	0.9932	0.9980	1.0000	0.0048	1.0000
  107	903.40	0.0000	0.9933	0.9980	1.0000	0.0047	1.0000
  108	907.80	0.0000	0.9933	0.9980	1.0000	0.0047	1.0000
  109	903.80	0.0000	0.9933	0.9980	1.0000	0.0047	1.0000
  110	901.00	0.0000	0.9932	0.9980	1.0000	0.0048	1.0000
  111	900.90	0.0000	0.9932	0.9980	1.0000	0.0048	1.0000
  112	900.70	0.0000	0.9932	0.9980	1.0000	0.0048	1.0000
  113	901.00	0.0000	0.9932	0.9980	1.0000	0.0048	1.0000
  114	901.00	0.0000	0.9932	0.9980	1.0000	0.0048	1.0000
  115	899.70	0.0000	0.9931	0.9980	1.0000	0.0049	1.0000
  116	902.10	0.0000	0.9932	0.9980	1.0000	0.0048	1.0000
  117	901.90	0.0000	0.9932	0.9980	1.0000	0.0048	1.0000
  118	905.00	0.0000	0.9932	0.9979	1.0000	0.0048	1.0000
  119	903.80	0.0000	0.9932	0.9980	1.0000	0.0048	1.0000
  120	900.80	0.0000	0.9932	0.9980	1.0000	0.0048	1.0000
  121	901.60	0.0000	0.9932	0.9980	1.0000	0.0048	1.0000
  122	903.90	0.0000	0.9931	0.9980	1.0000	0.0048	1.0000
  123	905.60	0.0000	0.9932	0.9980	1.0000	0.0048	1.0000
  124	905.30	0.0000	0.9932	0.9980	1.0000	0.0048	1.0000
  125	905.40	0.0000	0.9932	0.9980	1.0000	0.0048	1.0000
  126	902.00	0.0000	0.9933	0.9980	1.0000	0.0047	1.0000
  127	906.00	0.0000	0.9932	0.9980	1.0000	0.0048	1.0000
  128	902.70	0.0000	0.9932	0.9980	1.0000	0.0048	1.0000
  129	900.60	0.0000	0.9931	0.9980	1.0000	0.0048	1.0000
  130	899.30	0.0000	0.9932	0.9980	1.0000	0.0047	1.0000
  131	899.60	0.0000	0.9933	0.9980	1.0000	0.0047	1.0000
  132	901.90	0.0000	0.9934	0.9980	1.0000	0.0047	1.0000
  133	903.70	0.0000	0.9934	0.9980	1.0000	0.0046	1.0000
  134	901.70	0.0000	0.9934	0.9980	1.0000	0.0046	1.0000
  135	901.90	0.0000	0.9934	0.9980	1.0000	0.0046	1.0000
  136	901.40	0.0000	0.9934	0.9980	1.0000	0.0046	1.0000
  137	900.00	0.0000	0.9934	0.9980	1.0000	0.0046	1.0000
  138	903.90	0.0000	0.9934	0.9980	1.0000	0.0046	1.0000
  139	903.70	0.0000	0.9934	0.9980	1.0000	0.0046	1.0000
  140	905.20	0.0000	0.9933	0.9980	1.0000	0.0047	1.0000
  141	902.80	0.0000	0.9933	0.9980	1.0000	0.0047	1.0000
  142	908.20	0.0000	0.9932	0.9980	1.0000	0.0048	1.0000
  143	902.40	0.0000	0.9932	0.9980	1.0000	0.0048	1.0000
  144	901.40	0.0000	0.9931	0.9980	1.0000	0.0049	1.0000
  145	902.50	0.0000	0.9932	0.9980	1.0000	0.0048	1.0000
  146	897.80	0.0000	0.9932	0.9980	1.0000	0.0048	1.0000
  147	900.90	0.0000	0.9933	0.9980	1.0000	0.0047	1.0000
  148	900.50	0.0000	0.9932	0.9980	1.0000	0.0048	1.0000
  149	899.30	0.0000	0.9932	0.9980	1.0000	0.0048	1.0000
  150	903.50	0.0000	0.9932	0.9980	1.0000	0.0048	1.0000
  151	903.70	0.0000	0.9932	0.9980	1.0000	0.0048	1.0000
  152	900.70	0.0000	0.9933	0.9980	1.0000	0.0047	1.0000
  153	900.70	0.0000	0.9933	0.9980	1.0000	0.0047	1.0000
  154	899.10	0.0000	0.9932	0.9980	1.0000	0.0049	1.0000
  155	899.20	0.0000	0.9932	0.9980	1.0000	0.0048	1.0000
  156	901.20	0.0000	0.9933	0.9980	1.0000	0.0047	1.0000
  157	904.00	0.0000	0.9933	0.9980	1.0000	0.0047	1.0000
  158	904.00	0.0000	0.9933	0.9980	1.0000	0.0047	1.0000
  159	899.40	0.0000	0.9931	0.9980	1.0000	0.0048	1.0000
  160	902.10	0.0000	0.9931	0.9980	1.0000	0.0048	1.0000
  161	903.50	0.0000	0.9932	0.9980	1.0000	0.0048	1.0000
  162	900.60	0.0000	0.9931	0.9980	1.0000	0.0049	1.0000
  163	897.50	0.0000	0.9931	0.9980	1.0000	0.0049	1.0000
  164	902.00	0.0000	0.9931	0.9979	1.0000	0.0048	1.0000
  165	900.20	0.0000	0.9931	0.9979	1.0000	0.0049	1.0000
  166	896.00	0.0000	0.9932	0.9980	1.0000	0.0047	1.0000
  167	901.60	0.0000	0.9932	0.9979	1.0000	0.0047	1.0000
  168	904.70	0.0000	0.9932	0.9979	1.0000	0.0047	1.0000
  169	902.30	0.0000	0.9933	0.9980	1.0000	0.0047	1.0000
  170	903.70	0.0000	0.9932	0.9980	1.0000	0.0048	1.0000
  171	903.60	0.0000	0.9932	0.9980	1.0000	0.0048	1.0000
  172	910.00	0.0000	0.9933	0.9980	1.0000	0.0047	1.0000
  173	905.70	0.0000	0.9933	0.9980	1.0000	0.0047	1.0000
  174	900.40	0.0000	0.9933	0.9980	1.0000	0.0047	1.0000
  175	902.20	0.0000	0.9932	0.9980	1.0000	0.0047	1.0000
  176	901.10	0.0000	0.9932	0.9980	1.0000	0.0047	1.0000
  177	901.60	0.0000	0.9932	0.9979	1.0000	0.0047	1.0000
  178	906.60	0.0000	0.9933	0.9980	1.0000	0.0047	1.0000
  179	907.70	0.0000	0.9932	0.9980	1.0000	0.0047	1.0000
  180	903.20	0.0000	0.9933	0.9980	1.0000	0.0047	1.0000
  181	904.50	0.0000	0.9932	0.9980	1.0000	0.0048	1.0000
  182	901.40	0.0000	0.9933	0.9980	1.0000	0.0047	1.0000
  183	903.80	0.0000	0.9933	0.9980	1.0000	0.0047	1.0000
  184	902.80	0.0000	0.9932	0.9979	1.0000	0.0048	1.0000
  185	904.90	0.0000	0.9932	0.9980	1.0000	0.0048	1.0000
  186	902.80	0.0000	0.9932	0.9980	1.0000	0.0048	1.0000
  187	901.90	0.0000	0.9931	0.9979	1.0000	0.0048	1.0000
  188	899.50	0.0000	0.9931	0.9979	1.0000	0.0048	1.0000
  189	904.80	0.0000	0.9931	0.9980	1.0000	0.0048	1.0000
  190	907.30	0.0000	0.9932	0.9980	1.0000	0.0048	1.0000
  191	903.50	0.0000	0.9932	0.9980	1.0000	0.0047	1.0000
  192	901.00	0.0000	0.9932	0.9980	1.0000	0.0047	1.0000
  193	899.10	0.0000	0.9933	0.9980	1.0000	0.0047	1.0000
  194	897.20	0.0000	0.9933	0.9980	1.0000	0.0047	1.0000
  195	900.30	0.0000	0.9933	0.9980	1.0000	0.0047	1.0000
  196	901.00	0.0000	0.9934	0.9980	1.0000	0.0046	1.0000
  197	902.40	0.0000	0.9933	0.9980	1.0000	0.0047	1.0000
  198	901.10	0.0000	0.9933	0.9980	1.0000	0.0047	1.0000
  199	901.30	0.0000	0.9933	0.9980	1.0000	0.0047	1.0000
  200	900.80	0.0000	0.9932	0.9980	1.0000	0.0048	1.0000
  201	903.50	0.0000	0.9933	0.9980	1.0000	0.0047	1.0000
  202	903.80	0.0000	0.9933	0.9980	1.0000	0.0047	1.0000
  203	906.10	0.0000	0.9933	0.9980	1.0000	0.0047	1.0000
  204	905.00	0.0000	0.9933	0.9980	1.0000	0.0047	1.0000
  205	904.00	0.0000	0.9933	0.9980	1.0000	0.0047	1.0000
  206	905.40	0.0000	0.9933	0.9980	1.0000	0.0047	1.0000
  207	904.60	0.0000	0.9933	0.9980	1.0000	0.0047	1.0000
  208	908.90	0.0000	0.9933	0.9980	1.0000	0.0047	1.0000
  209	902.40	0.0000	0.9932	0.9980	1.0000	0.0048	1.0000
  210	903.90	0.0000	0.9932	0.9980	1.0000	0.0048	1.0000
  211	898.50	0.0000	0.9932	0.9980	1.0000	0.0048	1.0000
  212	905.30	0.0000	0.9932	0.9980	1.0000	0.0047	1.0000
  213	901.90	0.0000	0.9933	0.9980	1.0000	0.0047	1.0000
  214	899.90	0.0000	0.9932	0.9980	1.0000	0.0048	1.0000
  215	901.90	0.0000	0.9932	0.9980	1.0000	0.0047	1.0000
  216	902.50	0.0000	0.9932	0.9980	1.0000	0.0048	1.0000
  217	902.60	0.0000	0.9932	0.9980	1.0000	0.0048	1.0000
  218	901.80	0.0000	0.9932	0.9980	1.0000	0.0048	1.0000
  219	904.00	0.0000	0.9932	0.9980	1.0000	0.0048	1.0000
  220	901.60	0.0000	0.9932	0.9980	1.0000	0.0048	1.0000
  221	903.20	0.0000	0.9932	0.9980	1.0000	0.0048	1.0000
  222	902.60	0.0000	0.9932	0.9980	1.0000	0.0048	1.0000
  223	902.80	0.0000	0.9933	0.9980	1.0000	0.0047	1.0000
  224	900.10	0.0000	0.9933	0.9980	1.0000	0.0047	1.0000
  225	899.60	0.0000	0.9933	0.9980	1.0000	0.0047	1.0000
  226	898.40	0.0000	0.9933	0.9980	1.0000	0.0047	1.0000
  227	900.70	0.0000	0.9932	0.9980	1.0000	0.0048	1.0000
  228	900.30	0.0000	0.9932	0.9980	1.0000	0.0048	1.0000
  229	899.80	0.0000	0.9932	0.9980	1.0000	0.0048	1.0000
  230	903.60	0.0000	0.9932	0.9980	1.0000	0.0048	1.0000
  231	902.30	0.0000	0.9931	0.9980	1.0000	0.0049	1.0000
  232	900.60	0.0000	0.9932	0.9980	1.0000	0.0048	1.0000
  233	903.90	0.0000	0.9932	0.9980	1.0000	0.0047	1.0000
  234	899.20	0.0000	0.9932	0.9980	1.0000	0.0048	1.0000
  235	900.70	0.0000	0.9933	0.9980	1.0000	0.0047	1.0000
  236	902.90	0.0000	0.9933	0.9980	1.0000	0.0047	1.0000
  237	906.60	0.0000	0.9933	0.9980	1.0000	0.0047	1.0000
  238	905.40	0.0000	0.9934	0.9980	1.0000	0.0046	1.0000
  239	905.10	0.0000	0.9933	0.9980	1.0000	0.0047	1.0000
  240	902.80	0.0000	0.9932	0.9980	1.0000	0.0047	1.0000
  241	901.90	0.0000	0.9932	0.9980	1.0000	0.0047	1.0000
  242	898.00	0.0000	0.9932	0.9979	1.0000	0.0048	1.0000
  243	898.10	0.0000	0.9932	0.9980	1.0000	0.0048	1.0000
  244	894.80	0.0000	0.9931	0.9979	1.0000	0.0049	1.0000
  245	897.40	0.0000	0.9931	0.9979	1.0000	0.0049	1.0000
  246	895.10	0.0000	0.9931	0.9980	1.0000	0.0049	1.0000
  247	897.00	0.0000	0.9932	0.9980	1.0000	0.0048	1.0000
  248	897.90	0.0000	0.9932	0.9980	1.0000	0.0048	1.0000
  249	895.30	0.0000	0.9932	0.9979	1.0000	0.0048	1.0000
  250	897.90	0.0000	0.9931	0.9980	1.0000	0.0048	1.0000
  251	901.10	0.0000	0.9932	0.9980	1.0000	0.0048	1.0000
  252	899.20	0.0000	0.9931	0.9980	1.0000	0.0048	1.0000
  253	895.40	0.0000	0.9932	0.9980	1.0000	0.0048	1.0000
  254	894.30	0.0000	0.9932	0.9980	1.0000	0.0048	1.0000
  255	895.70	0.0000	0.9933	0.9980	1.0000	0.0047	1.0000
  256	900.80	0.0000	0.9933	0.9980	1.0000	0.0046	1.0000
  257	904.00	0.0000	0.9933	0.9980	1.0000	0.0047	1.0000
  258	904.20	0.0000	0.9933	0.9980	1.0000	0.0047	1.0000
  259	900.80	0.0000	0.9934	0.9980	1.0000	0.0046	1.0000
  260	900.90	0.0000	0.9933	0.9980	1.0000	0.0047	1.0000
  261	893.10	0.0000	0.9932	0.9980	1.0000	0.0048	1.0000
  262	896.60	0.0000	0.9932	0.9980	1.0000	0.0048	1.0000
  263	899.50	0.0000	0.9933	0.9980	1.0000	0.0047	1.0000
  264	904.90	0.0000	0.9932	0.9980	1.0000	0.0048	1.0000
  265	902.60	0.0000	0.9932	0.9980	1.0000	0.0047	1.0000
  266	902.00	0.0000	0.9933	0.9980	1.0000	0.0047	1.0000
  267	900.40	0.0000	0.9931	0.9980	1.0000	0.0049	1.0000
  268	898.20	0.0000	0.9932	0.9980	1.0000	0.0048	1.0000
  269	903.10	0.0000	0.9932	0.9980	1.0000	0.0048	1.0000
  270	905.20	0.0000	0.9932	0.9980	1.0000	0.0048	1.0000
  271	904.40	0.0000	0.9932	0.9980	1.0000	0.0048	1.0000
  272	902.70	0.0000	0.9931	0.9980	1.0000	0.0049	1.0000
  273	901.30	0.0000	0.9931	0.9980	1.0000	0.0049	1.0000
  274	902.40	0.0000	0.9930	0.9980	1.0000	0.0049	1.0000
  275	902.70	0.0000	0.9930	0.9980	1.0000	0.0049	1.0000
  276	899.40	0.0000	0.9931	0.9980	1.0000	0.0049	1.0000
  277	901.60	0.0000	0.9931	0.9980	1.0000	0.0049	1.0000
  278	901.60	0.0000	0.9932	0.9980	1.0000	0.0048	1.0000
  279	898.70	0.0000	0.9931	0.9980	1.0000	0.0048	1.0000
  280	899.10	0.0000	0.9932	0.9980	1.0000	0.0048	1.0000
  281	900.00	0.0000	0.9933	0.9980	1.0000	0.0047	1.0000
  282	900.00	0.0000	0.9932	0.9980	1.0000	0.0048	1.0000
  283	902.10	0.0000	0.9932	0.9980	1.0000	0.0048	1.0000
  284	898.10	0.0000	0.9932	0.9980	1.0000	0.0048	1.0000
  285	897.40	0.0000	0.9932	0.9980	1.0000	0.0047	1.0000
  286	897.50	0.0000	0.9932	0.9979	1.0000	0.0047	1.0000
  287	898.30	0.0000	0.9933	0.9980	1.0000	0.0047	1.0000
  288	902.60	0.0000	0.9933	0.9980	1.0000	0.0046	1.0000
  289	902.30	0.0000	0.9933	0.9980	1.0000	0.0047	1.0000
  290	899.70	0.0000	0.9933	0.9980	1.0000	0.0047	1.0000
  291	897.60	0.0000	0.9934	0.9980	1.0000	0.0046	1.0000
  292	896.50	0.0000	0.9934	0.9980	1.0000	0.0046	1.0000
  293	900.10	0.0000	0.9934	0.9980	1.0000	0.0046	1.0000
  294	902.10	0.0000	0.9934	0.9980	1.0000	0.0046	1.0000
  295	899.20	0.0000	0.9934	0.9980	1.0000	0.0046	1.0000
  296	897.50	0.0000	0.9934	0.9980	1.0000	0.0046	1.0000
  297	902.50	0.0000	0.9934	0.9980	1.0000	0.0046	1.0000
  298	901.40	0.0000	0.9933	0.9980	1.0000	0.0047	1.0000
  299	903.00	0.0000	0.9934	0.9980	1.0000	0.0046	1.0000
  300	904.00	0.0000	0.9933	0.9980	1.0000	0.0047	1.0000
  301	899.80	0.0000	0.9933	0.9980	1.0000	0.0046	1.0000
  302	900.90	0.0000	0.9932	0.9979	1.0000	0.0047	1.0000
  303	898.40	0.0000	0.9932	0.9979	1.0000	0.0048	1.0000
  304	902.50	0.0000	0.9932	0.9980	1.0000	0.0047	1.0000
  305	901.80	0.0000	0.9931	0.9979	1.0000	0.0048	1.0000
  306	902.90	0.0000	0.9932	0.9979	1.0000	0.0048	1.0000
  307	900.50	0.0000	0.9931	0.9979	1.0000	0.0048	1.0000
  308	900.70	0.0000	0.9931	0.9979	1.0000	0.0048	1.0000
  309	899.60	0.0000	0.9931	0.9979	1.0000	0.0048	1.0000
  310	896.20	0.0000	0.9931	0.9979	1.0000	0.0049	1.0000
  311	900.30	0.0000	0.9931	0.9979	1.0000	0.0049	1.0000
  312	901.30	0.0000	0.9931	0.9979	1.0000	0.0049	1.0000
  313	900.00	0.0000	0.9930	0.9979	1.0000	0.0049	1.0000
  314	898.10	0.0000	0.9931	0.9979	1.0000	0.0049	1.0000
  315	897.10	0.0000	0.9931	0.9979	1.0000	0.0049	1.0000
  316	899.10	0.0000	0.9932	0.9980	1.0000	0.0048	1.0000
  317	899.90	0.0000	0.9932	0.9980	1.0000	0.0048	1.0000
  318	899.60	0.0000	0.9932	0.9980	1.0000	0.0048	1.0000
  319	895.90	0.0000	0.9932	0.9980	1.0000	0.0048	1.0000
  320	897.30	0.0000	0.9932	0.9980	1.0000	0.0048	1.0000
  321	904.10	0.0000	0.9932	0.9980	1.0000	0.0048	1.0000
  322	897.60	0.0000	0.9931	0.9980	1.0000	0.0049	1.0000
  323	897.60	0.0000	0.9930	0.9979	1.0000	0.0049	1.0000
  324	894.00	0.0000	0.9930	0.9979	1.0000	0.0049	1.0000
  325	890.30	0.0000	0.9930	0.9979	1.0000	0.0049	1.0000
  326	894.00	0.0000	0.9931	0.9979	1.0000	0.0049	1.0000
  327	894.60	0.0000	0.9931	0.9979	1.0000	0.0049	1.0000
  328	901.00	0.0000	0.9931	0.9980	1.0000	0.0048	1.0000
  329	900.00	0.0000	0.9931	0.9980	1.0000	0.0049	1.0000
  330	900.10	0.0000	0.9931	0.9980	1.0000	0.0049	1.0000
  331	899.00	0.0000	0.9931	0.9980	1.0000	0.0048	1.0000
  332	897.10	0.0000	0.9931	0.9980	1.0000	0.0049	1.0000
  333	899.60	0.0000	0.9932	0.9980	1.0000	0.0048	1.0000
  334	901.80	0.0000	0.9932	0.9980	1.0000	0.0048	1.0000
  335	900.90	0.0000	0.9932	0.9980	1.0000	0.0048	1.0000
  336	898.50	0.0000	0.9931	0.9980	1.0000	0.0048	1.0000
  337	898.70	0.0000	0.9932	0.9980	1.0000	0.0048	1.0000
  338	903.40	0.0000	0.9932	0.9980	1.0000	0.0048	1.0000
  339	897.80	0.0000	0.9932	0.9980	1.0000	0.0048	1.0000
  340	901.40	0.0000	0.9931	0.9980	1.0000	0.0048	1.0000
  341	902.60	0.0000	0.9931	0.9980	1.0000	0.0049	1.0000
  342	902.00	0.0000	0.9931	0.9980	1.0000	0.0049	1.0000
  343	897.60	0.0000	0.9930	0.9980	1.0000	0.0050	1.0000
  344	899.10	0.0000	0.9930	0.9980	1.0000	0.0049	1.0000
  345	897.00	0.0000	0.9930	0.9980	1.0000	0.0050	1.0000
  346	899.90	0.0000	0.9931	0.9980	1.0000	0.0049	1.0000
  347	900.90	0.0000	0.9930	0.9979	1.0000	0.0050	1.0000
  348	902.40	0.0000	0.9930	0.9979	1.0000	0.0049	1.0000
  349	900.60	0.0000	0.9930	0.9980	1.0000	0.0050	1.0000
  350	900.50	0.0000	0.9930	0.9979	1.0000	0.0050	1.0000
  351	900.50	0.0000	0.9931	0.9979	1.0000	0.0049	1.0000
  352	896.60	0.0000	0.9931	0.9979	1.0000	0.0048	1.0000
  353	897.50	0.0000	0.9931	0.9979	1.0000	0.0049	1.0000
  354	900.20	0.0000	0.9931	0.9979	1.0000	0.0048	1.0000
  355	898.30	0.0000	0.9931	0.9979	1.0000	0.0048	1.0000
  356	896.90	0.0000	0.9931	0.9979	1.0000	0.0048	1.0000
  357	899.50	0.0000	0.9932	0.9979	1.0000	0.0048	1.0000
  358	900.40	0.0000	0.9932	0.9979	1.0000	0.0047	1.0000
  359	899.50	0.0000	0.9933	0.9980	1.0000	0.0047	1.0000
  360	897.90	0.0000	0.9932	0.9980	1.0000	0.0048	1.0000
  361	900.60	0.0000	0.9932	0.9980	1.0000	0.0048	1.0000
  362	904.30	0.0000	0.9932	0.9980	1.0000	0.0048	1.0000
  363	901.90	0.0000	0.9932	0.9980	1.0000	0.0048	1.0000
  364	901.50	0.0000	0.9931	0.9979	1.0000	0.0048	1.0000
  365	899.70	0.0000	0.9932	0.9979	1.0000	0.0048	1.0000
  366	900.00	0.0000	0.9932	0.9980	1.0000	0.0048	1.0000
  367	901.80	0.0000	0.9932	0.9980	1.0000	0.0048	1.0000
  368	899.10	0.0000	0.9932	0.9980	1.0000	0.0047	1.0000
  369	899.90	0.0000	0.9932	0.9979	1.0000	0.0047	1.0000
  370	901.20	0.0000	0.9933	0.9979	1.0000	0.0047	1.0000
  371	900.30	0.0000	0.9933	0.9980	1.0000	0.0047	1.0000
  372	900.40	0.0000	0.9932	0.9980	1.0000	0.0048	1.0000
  373	900.20	0.0000	0.9931	0.9979	1.0000	0.0049	1.0000
  374	894.90	0.0000	0.9930	0.9979	1.0000	0.0049	1.0000
  375	897.90	0.0000	0.9931	0.9979	1.0000	0.0048	1.0000
  376	897.10	0.0000	0.9931	0.9979	1.0000	0.0048	1.0000
  377	894.90	0.0000	0.9931	0.9979	1.0000	0.0048	1.0000
  378	894.10	0.0000	0.9932	0.9979	1.0000	0.0047	1.0000
  379	898.20	0.0000	0.9932	0.9979	1.0000	0.0047	1.0000
  380	898.60	0.0000	0.9932	0.9979	1.0000	0.0047	1.0000
  381	897.00	0.0000	0.9933	0.9979	1.0000	0.0047	1.0000
  382	899.20	0.0000	0.9933	0.9980	1.0000	0.0046	1.0000
  383	906.90	0.0000	0.9932	0.9980	1.0000	0.0048	1.0000
  384	903.70	0.0000	0.9931	0.9980	1.0000	0.0049	1.0000
  385	907.30	0.0000	0.9931	0.9980	1.0000	0.0048	1.0000
  386	903.10	0.0000	0.9931	0.9979	1.0000	0.0049	1.0000
  387	901.20	0.0000	0.9931	0.9979	1.0000	0.0048	1.0000
  388	901.00	0.0000	0.9932	0.9980	1.0000	0.0048	1.0000
  389	900.60	0.0000	0.9932	0.9980	1.0000	0.0048	1.0000
  390	900.30	0.0000	0.9932	0.9979	1.0000	0.0048	1.0000
  391	903.30	0.0000	0.9932	0.9980	1.0000	0.0047	1.0000
  392	905.10	0.0000	0.9932	0.9980	1.0000	0.0048	1.0000
  393	904.30	0.0000	0.9932	0.9980	1.0000	0.0048	1.0000
  394	899.80	0.0000	0.9932	0.9980	1.0000	0.0048	1.0000
  395	902.30	0.0000	0.9932	0.9980	1.0000	0.0048	1.0000
  396	905.50	0.0000	0.9932	0.9980	1.0000	0.0048	1.0000
  397	905.50	0.0000	0.9932	0.9980	1.0000	0.0048	1.0000
  398	903.70	0.0000	0.9932	0.9980	1.0000	0.0048	1.0000
  399	901.00	0.0000	0.9932	0.9980	1.0000	0.0048	1.0000
  400	900.40	0.0000	0.9932	0.9980	1.0000	0.0048	1.0000
  401	899.50	0.0000	0.9932	0.9980	1.0000	0.0048	1.0000
  402	903.20	0.0000	0.9933	0.9980	1.0000	0.0047	1.0000
  403	902.70	0.0000	0.9932	0.9980	1.0000	0.0048	1.0000
  404	908.30	0.0000	0.9933	0.9980	1.0000	0.0047	1.0000
  405	903.00	0.0000	0.9933	0.9980	1.0000	0.0047	1.0000
  406	903.70	0.0000	0.9932	0.9980	1.0000	0.0048	1.0000
  407	904.00	0.0000	0.9932	0.9980	1.0000	0.0048	1.0000
  408	903.00	0.0000	0.9932	0.9980	1.0000	0.0048	1.0000
  409	901.90	0.0000	0.9932	0.9980	1.0000	0.0048	1.0000
  410	903.20	0.0000	0.9931	0.9980	1.0000	0.0049	1.0000
  411	900.10	0.0000	0.9932	0.9980	1.0000	0.0048	1.0000
  412	901.00	0.0000	0.9931	0.9980	1.0000	0.0049	1.0000
  413	900.90	0.0000	0.9931	0.9980	1.0000	0.0049	1.0000
  414	901.60	0.0000	0.9931	0.9980	1.0000	0.0048	1.0000
  415	902.10	0.0000	0.9931	0.9980	1.0000	0.0048	1.0000
  416	900.10	0.0000	0.9932	0.9980	1.0000	0.0048	1.0000
  417	899.00	0.0000	0.9932	0.9980	1.0000	0.0048	1.0000
  418	900.00	0.0000	0.9933	0.9980	1.0000	0.0047	1.0000
  419	900.20	0.0000	0.9932	0.9980	1.0000	0.0048	1.0000
  420	901.20	0.0000	0.9933	0.9980	1.0000	0.0047	1.0000
  421	903.30	0.0000	0.9933	0.9980	1.0000	0.0047	1.0000
  422	901.90	0.0000	0.9932	0.9980	1.0000	0.0048	1.0000
  423	900.80	0.0000	0.9933	0.9980	1.0000	0.0047	1.0000
  424	902.40	0.0000	0.9932	0.9980	1.0000	0.0047	1.0000
  425	900.40	0.0000	0.9933	0.9980	1.0000	0.0047	1.0000
  426	895.90	0.0000	0.9933	0.9980	1.0000	0.0047	1.0000
  427	897.00	0.0000	0.9933	0.9980	1.0000	0.0047	1.0000
  428	898.80	0.0000	0.9933	0.9980	1.0000	0.0047	1.0000
  429	901.00	0.0000	0.9934	0.9980	1.0000	0.0046	1.0000
  430	901.60	0.0000	0.9933	0.9980	1.0000	0.0047	1.0000
  431	901.70	0.0000	0.9933	0.9980	1.0000	0.0047	1.0000
  432	899.10	0.0000	0.9932	0.9980	1.0000	0.0048	1.0000
  433	897.80	0.0000	0.9932	0.9980	1.0000	0.0048	1.0000
  434	897.50	0.0000	0.9933	0.9980	1.0000	0.0047	1.0000
  435	897.30	0.0000	0.9933	0.9980	1.0000	0.0047	1.0000
  436	896.80	0.0000	0.9932	0.9980	1.0000	0.0047	1.0000
  437	901.10	0.0000	0.9932	0.9979	1.0000	0.0047	1.0000
  438	899.90	0.0000	0.9933	0.9980	1.0000	0.0047	1.0000
  439	899.90	0.0000	0.9933	0.9980	1.0000	0.0047	1.0000
  440	900.80	0.0000	0.9933	0.9980	1.0000	0.0047	1.0000
  441	900.00	0.0000	0.9932	0.9979	1.0000	0.0048	1.0000
  442	900.50	0.0000	0.9932	0.9979	1.0000	0.0048	1.0000
  443	898.70	0.0000	0.9932	0.9980	1.0000	0.0047	1.0000
  444	898.30	0.0000	0.9933	0.9980	1.0000	0.0047	1.0000
  445	900.80	0.0000	0.9933	0.9980	1.0000	0.0047	1.0000
  446	900.00	0.0000	0.9933	0.9980	1.0000	0.0047	1.0000
  447	894.90	0.0000	0.9932	0.9980	1.0000	0.0048	1.0000
  448	899.80	0.0000	0.9932	0.9980	1.0000	0.0048	1.0000
  449	899.80	0.0000	0.9932	0.9980	1.0000	0.0048	1.0000
  450	901.30	0.0000	0.9932	0.9980	1.0000	0.0048	1.0000
  451	900.50	0.0000	0.9932	0.9980	1.0000	0.0048	1.0000
  452	899.90	0.0000	0.9933	0.9980	1.0000	0.0047	1.0000
  453	900.30	0.0000	0.9933	0.9980	1.0000	0.0047	1.0000
  454	907.40	0.0000	0.9933	0.9980	1.0000	0.0047	1.0000
  455	904.40	0.0000	0.9933	0.9980	1.0000	0.0047	1.0000
  456	904.40	0.0000	0.9933	0.9980	1.0000	0.0047	1.0000
  457	902.60	0.0000	0.9933	0.9980	1.0000	0.0047	1.0000
  458	905.30	0.0000	0.9933	0.9980	1.0000	0.0047	1.0000
  459	907.10	0.0000	0.9933	0.9980	1.0000	0.0047	1.0000
  460	902.90	0.0000	0.9933	0.9980	1.0000	0.0047	1.0000
  461	902.40	0.0000	0.9932	0.9980	1.0000	0.0048	1.0000
  462	901.10	0.0000	0.9933	0.9980	1.0000	0.0047	1.0000
  463	900.90	0.0000	0.9933	0.9980	1.0000	0.0047	1.0000
  464	899.80	0.0000	0.9933	0.9980	1.0000	0.0047	1.0000
  465	902.60	0.0000	0.9933	0.9980	1.0000	0.0047	1.0000
  466	901.40	0.0000	0.9933	0.9980	1.0000	0.0047	1.0000
  467	902.50	0.0000	0.9933	0.9980	1.0000	0.0047	1.0000
  468	902.00	0.0000	0.9933	0.9980	1.0000	0.0047	1.0000
  469	900.70	0.0000	0.9933	0.9980	1.0000	0.0047	1.0000
  470	899.10	0.0000	0.9933	0.9980	1.0000	0.0047	1.0000
  471	900.20	0.0000	0.9933	0.9980	1.0000	0.0047	1.0000
  472	902.20	0.0000	0.9932	0.9980	1.0000	0.0048	1.0000
  473	900.20	0.0000	0.9932	0.9980	1.0000	0.0048	1.0000
  474	900.90	0.0000	0.9933	0.9980	1.0000	0.0047	1.0000
  475	898.70	0.0000	0.9932	0.9980	1.0000	0.0048	1.0000
  476	893.80	0.0000	0.9932	0.9979	1.0000	0.0048	1.0000
  477	894.80	0.0000	0.9932	0.9980	1.0000	0.0048	1.0000
  478	898.10	0.0000	0.9932	0.9979	1.0000	0.0048	1.0000
  479	897.40	0.0000	0.9932	0.9980	1.0000	0.0048	1.0000
  480	900.80	0.0000	0.9932	0.9980	1.0000	0.0047	1.0000
  481	901.80	0.0000	0.9933	0.9980	1.0000	0.0047	1.0000
  482	902.10	0.0000	0.9933	0.9980	1.0000	0.0047	1.0000
  483	901.20	0.0000	0.9932	0.9980	1.0000	0.0047	1.0000
  484	905.50	0.0000	0.9932	0.9980	1.0000	0.0047	1.0000
  485	899.30	0.0000	0.9932	0.9980	1.0000	0.0048	1.0000
  486	904.60	0.0000	0.9932	0.9980	1.0000	0.0048	1.0000
  487	900.40	0.0000	0.9931	0.9979	1.0000	0.0049	1.0000
  488	900.80	0.0000	0.9932	0.9980	1.0000	0.0048	1.0000
  489	898.10	0.0000	0.9932	0.9980	1.0000	0.0048	1.0000
  490	899.10	0.0000	0.9932	0.9980	1.0000	0.0048	1.0000
  491	895.50	0.0000	0.9932	0.9980	1.0000	0.0048	1.0000
  492	896.60	0.0000	0.9932	0.9980	1.0000	0.0048	1.0000
  493	900.00	0.0000	0.9932	0.9980	1.0000	0.0047	1.0000
  494	899.20	0.0000	0.9932	0.9980	1.0000	0.0048	1.0000
  495	896.40	0.0000	0.9932	0.9980	1.0000	0.0047	1.0000
  496	896.40	0.0000	0.9933	0.9980	1.0000	0.0047	1.0000
  497	899.40	0.0000	0.9932	0.9980	1.0000	0.0048	1.0000
  498	902.40	0.0000	0.9931	0.9980	1.0000	0.0048	1.0000
  499	905.50	0.0000	0.9932	0.9980	1.0000	0.0048	1.0000
  500	900.50	0.0000	0.9931	0.9980	1.0000	0.0048	1.0000