    gen	allel	   Ho	   Hs	   Ht	  Fis	  Fst	  Fit
    1	953.40	0.0000	0.9987	0.9988	1.0000	0.0001	1.0000
    2	898.60	0.0000	0.9985	0.9986	1.0000	0.0001	1.0000
    3	841.30	0.0000	0.9983	0.9984	1.0000	0.0000	1.0000
    4	783.80	0.0000	0.9982	0.9982	1.0000	0.0000	1.0000
    5	723.70	0.0000	0.9979	0.9980	1.0000	0.0000	1.0000
    6	678.00	0.0000	0.9978	0.9978	1.0000	0.0000	1.0000
    7	644.10	0.0000	0.9976	0.9976	1.0000	-0.0000	1.0000
    8	603.10	0.0000	0.9974	0.9974	1.0000	0.0000	1.0000
    9	568.60	0.0000	0.9972	0.9973	1.0000	0.0001	1.0000
   10	543.50	0.0000	0.9970	0.9971	1.0000	0.0001	1.0000
   11	519.60	0.0000	0.9969	0.9969	1.0000	0.0000	1.0000
   12	492.40	0.0000	0.9967	0.9968	1.0000	0.0001	1.0000
   13	471.80	0.0000	0.9965	0.9966	1.0000	0.0001	1.0000
   14	457.80	0.0000	0.9963	0.9964	1.0000	0.0001	1.0000
   15	438.80	0.0000	0.9962	0.9963	1.0000	0.0001	1.0000
   16	424.10	0.0000	0.9961	0.9962	1.0000	0.0001	1.0000
   17	409.00	0.0000	0.9959	0.9960	1.0000	0.0000	1.0000
   18	387.60	0.0000	0.9957	0.9958	1.0000	0.0001	1.0000
   19	374.60	0.0000	0.9956	0.9956	1.0000	0.0001	1.0000
   20	359.00	0.0000	0.9953	0.9953	1.0000	0.0000	1.0000
   21	348.00	0.0000	0.9951	0.9951	1.0000	-0.0000	1.0000
   22	340.80	0.0000	0.9948	0.9949	1.0000	0.0001	1.0000
   23	329.90	0.0000	0.9945	0.9946	1.0000	0.0001	1.0000
   24	318.40	0.0000	0.9944	0.9945	1.0000	0.0001	1.0000
   25	306.40	0.0000	0.9940	0.9941	1.0000	0.0001	1.0000
   26	295.10	0.0000	0.9939	0.9940	1.0000	0.0001	1.0000
   27	287.80	0.0000	0.9935	0.9936	1.0000	0.0001	1.0000
   28	281.00	0.0000	0.9933	0.9932	1.0000	-0.0001	1.0000
   29	270.30	0.0000	0.9929	0.9930	1.0000	0.0001	1.0000
   30	265.90	0.0000	0.9929	0.9929	1.0000	0.0000	1.0000
   31	260.90	0.0000	0.9927	0.9928	1.0000	0.0000	1.0000
   32	253.00	0.0000	0.9925	0.9926	1.0000	0.0001	1.0000
   33	247.80	0.0000	0.9926	0.9926	1.0000	0.0000	1.0000
   34	242.40	0.0000	0.9922	0.9923	1.0000	0.0001	1.0000
   35	238.40	0.0000	0.9921	0.9921	1.0000	0.0001	1.0000
   36	233.70	0.0000	0.9919	0.9920	1.0000	0.0002	1.0000
   37	226.00	0.0000	0.9921	0.9921	1.0000	0.0000	1.0000
   38	223.00	0.0000	0.9919	0.9920	1.0000	0.0000	1.0000
   39	218.70	0.0000	0.9919	0.9920	1.0000	0.0001	1.0000
   40	216.20	0.0000	0.9916	0.9917	1.0000	0.0001	1.0000
   41	210.20	0.0000	0.9915	0.9916	1.0000	0.0001	1.0000
   42	208.20	0.0000	0.9915	0.9915	1.0000	0.0000	1.0000
   43	203.30	0.0000	0.9912	0.9912	1.0000	-0.0001	1.0000
   44	200.60	0.0000	0.9906	0.9907	1.0000	0.0001	1.0000
   45	192.60	0.0000	0.9900	0.9902	1.0000	0.0001	1.0000
   46	186.40	0.0000	0.9901	0.9902	1.0000	0.0001	1.0000
   47	180.50	0.0000	0.9898	0.9898	1.0000	0.0000	1.0000
   48	178.70	0.0000	0.9893	0.9893	1.0000	0.0000	1.0000
   49	177.90	0.0000	0.9890	0.9890	1.0000	0.0000	1.0000
   50	175.70	0.0000	0.9886	0.9887	1.0000	0.0001	1.0000
   51	173.50	0.0000	0.9883	0.9883	1.0000	-0.0000	1.0000
   52	170.40	0.0000	0.9882	0.9883	1.0000	0.0001	1.0000
   53	167.50	0.0000	0.9880	0.9880	1.0000	-0.0000	1.0000
   54	165.00	0.0000	0.9874	0.9874	1.0000	0.0001	1.0000
   55	163.10	0.0000	0.9877	0.9877	1.0000	-0.0000	1.0000
   56	159.60	0.0000	0.9875	0.9875	1.0000	0.0000	1.0000
   57	156.60	0.0000	0.9870	0.9872	1.0000	0.0002	1.0000
   58	155.10	0.0000	0.9869	0.9869	1.0000	0.0000	1.0000
   59	149.40	0.0000	0.9866	0.9866	1.0000	-0.0000	1.0000
   60	148.50	0.0000	0.9861	0.9861	1.0000	0.0000	1.0000
   61	146.00	0.0000	0.9859	0.9860	1.0000	0.0001	1.0000
   62	142.40	0.0000	0.9855	0.9855	1.0000	0.0000	1.0000
   63	140.60	0.0000	0.9858	0.9859	1.0000	0.0001	1.0000
   64	140.40	0.0000	0.9855	0.9855	1.0000	0.0000	1.0000
   65	137.30	0.0000	0.9851	0.9852	1.0000	0.0001	1.0000
   66	136.30	0.0000	0.9851	0.9851	1.0000	0.0001	1.0000
   67	135.30	0.0000	0.9849	0.9849	1.0000	-0.0000	1.0000
   68	134.40	0.0000	0.9842	0.9843	1.0000	0.0001	1.0000
   69	133.00	0.0000	0.9841	0.9842	1.0000	0.0001	1.0000
   70	132.10	0.0000	0.9841	0.9842	1.0000	0.0001	1.0000
   71	129.00	0.0000	0.9841	0.9842	1.0000	0.0001	1.0000
   72	126.20	0.0000	0.9838	0.9840	1.0000	0.0002	1.0000
   73	124.90	0.0000	0.9842	0.9842	1.0000	0.0000	1.0000
   74	124.90	0.0000	0.9841	0.9842	1.0000	0.0001	1.0000
   75	125.00	0.0000	0.9833	0.9834	1.0000	0.0001	1.0000
   76	123.20	0.0000	0.9828	0.9828	1.0000	-0.0000	1.0000
   77	119.50	0.0000	0.9828	0.9829	1.0000	0.0000	1.0000
   78	116.10	0.0000	0.9827	0.9828	1.0000	0.0001	1.0000
   79	115.10	0.0000	0.9824	0.9824	1.0000	-0.0000	1.0000
   80	114.80	0.0000	0.9819	0.9819	1.0000	-0.0000	1.0000
   81	113.90	0.0000	0.9817	0.9818	1.0000	0.0001	1.0000
   82	112.70	0.0000	0.9816	0.9817	1.0000	0.0001	1.0000
   83	111.50	0.0000	0.9819	0.9819	1.0000	0.0000	1.0000
   84	110.90	0.0000	0.9812	0.9812	1.0000	0.0000	1.0000
   85	111.20	0.0000	0.9812	0.9813	1.0000	0.0002	1.0000
   86	106.90	0.0000	0.9813	0.9814	1.0000	0.0001	1.0000
   87	106.90	0.0000	0.9807	0.9806	1.0000	-0.0001	1.0000
   88	105.90	0.0000	0.9798	0.9800	1.0000	0.0002	1.0000
   89	105.40	0.0000	0.9794	0.9796	1.0000	0.0002	1.0000
   90	104.40	0.0000	0.9793	0.9794	1.0000	0.0001	1.0000
   91	103.30	0.0000	0.9790	0.9791	1.0000	0.0001	1.0000
   92	101.60	0.0000	0.9794	0.9793	1.0000	-0.0000	1.0000
   93	100.50	0.0000	0.9793	0.9794	1.0000	0.0000	1.0000
   94	99.70	0.0000	0.9797	0.9797	1.0000	0.0000	1.0000
   95	98.10	0.0000	0.9794	0.9795	1.0000	0.0002	1.0000
   96	98.80	0.0000	0.9797	0.9798	1.0000	0.0001	1.0000
   97	99.00	0.0000	0.9797	0.9797	1.0000	0.0000	1.0000
   98	98.70	0.0000	0.9800	0.9800	1.0000	-0.0001	1.0000
   99	97.40	0.0000	0.9795	0.9795	1.0000	-0.0000	1.0000
  100	96.60	0.0000	0.9790	0.9791	1.0000	0.0001	1.0000
  101	94.90	0.0000	0.9785	0.9787	1.0000	0.0002	1.0000
  102	91.80	0.0000	0.9783	0.9783	1.0000	-0.0000	1.0000
  103	90.80	0.0000	0.9778	0.9778	1.0000	-0.0001	1.0000
  104	90.10	0.0000	0.9766	0.9767	1.0000	0.0001	1.0000
  105	88.70	0.0000	0.9772	0.9770	1.0000	-0.0001	1.0000
  106	88.00	0.0000	0.9771	0.9770	1.0000	-0.0001	1.0000
  107	88.00	0.0000	0.9762	0.9763	1.0000	0.0001	1.0000
  108	86.90	0.0000	0.9764	0.9767	1.0000	0.0003	1.0000
  109	86.90	0.0000	0.9756	0.9756	1.0000	0.0000	1.0000
  110	85.40	0.0000	0.9752	0.9751	1.0000	-0.0001	1.0000
  111	85.50	0.0000	0.9753	0.9752	1.0000	-0.0002	1.0000
  112	84.30	0.0000	0.9743	0.9743	1.0000	0.0000	1.0000
  113	84.00	0.0000	0.9740	0.9740	1.0000	-0.0001	1.0000
  114	81.30	0.0000	0.9738	0.9738	1.0000	-0.0000	1.0000
  115	81.20	0.0000	0.9739	0.9740	1.0000	0.0001	1.0000
  116	81.30	0.0000	0.9734	0.9734	1.0000	0.0000	1.0000
  117	80.70	0.0000	0.9744	0.9744	1.0000	-0.0000	1.0000
  118	80.70	0.0000	0.9743	0.9743	1.0000	0.0000	1.0000
  119	78.60	0.0000	0.9746	0.9746	1.0000	0.0000	1.0000
  120	78.50	0.0000	0.9744	0.9745	1.0000	0.0000	1.0000
  121	78.10	0.0000	0.9733	0.9733	1.0000	-0.0000	1.0000
  122	78.20	0.0000	0.9733	0.9733	1.0000	0.0000	1.0000
  123	78.50	0.0000	0.9730	0.9730	1.0000	-0.0000	1.0000
  124	78.20	0.0000	0.9730	0.9730	1.0000	0.0000	1.0000
  125	78.70	0.0000	0.9726	0.9726	1.0000	-0.0000	1.0000
  126	77.80	0.0000	0.9723	0.9722	1.0000	-0.0001	1.0000
  127	77.90	0.0000	0.9725	0.9725	1.0000	-0.0000	1.0000
  128	76.50	0.0000	0.9722	0.9722	1.0000	0.0001	1.0000
  129	76.00	0.0000	0.9724	0.9724	1.0000	-0.0000	1.0000
  130	75.80	0.0000	0.9717	0.9716	1.0000	-0.0001	1.0000
  131	76.10	0.0000	0.9712	0.9712	1.0000	-0.0000	1.0000
  132	75.00	0.0000	0.9705	0.9706	1.0000	0.0001	1.0000
  133	74.40	0.0000	0.9706	0.9708	1.0000	0.0002	1.0000
  134	74.50	0.0000	0.9701	0.9702	1.0000	0.0001	1.0000
  135	73.30	0.0000	0.9707	0.9706	1.0000	-0.0001	1.0000
  136	73.10	0.0000	0.9691	0.9692	1.0000	0.0001	1.0000
  137	70.80	0.0000	0.9699	0.9697	1.0000	-0.0002	1.0000
  138	70.00	0.0000	0.9694	0.9694	1.0000	-0.0001	1.0000
  139	70.30	0.0000	0.9685	0.9687	1.0000	0.0002	1.0000
  140	70.10	0.0000	0.9681	0.9681	1.0000	0.0001	1.0000
  141	69.10	0.0000	0.9674	0.9674	1.0000	0.0001	1.0000
  142	68.80	0.0000	0.9678	0.9680	1.0000	0.0002	1.0000
  143	68.70	0.0000	0.9693	0.9693	1.0000	0.0001	1.0000
  144	68.30	0.0000	0.9696	0.9696	1.0000	0.0000	1.0000
  145	67.10	0.0000	0.9700	0.9699	1.0000	-0.0001	1.0000
  146	67.50	0.0000	0.9692	0.9691	1.0000	-0.0000	1.0000
  147	66.10	0.0000	0.9688	0.9688	1.0000	0.0000	1.0000
  148	65.70	0.0000	0.9681	0.9681	1.0000	-0.0000	1.0000
  149	65.30	0.0000	0.9677	0.9678	1.0000	0.0001	1.0000
  150	63.20	0.0000	0.9677	0.9676	1.0000	-0.0001	1.0000
  151	62.90	0.0000	0.9674	0.9676	1.0000	0.0002	1.0000
  152	63.00	0.0000	0.9680	0.9680	1.0000	0.0000	1.0000
  153	63.30	0.0000	0.9676	0.9677	1.0000	0.0001	1.0000
  154	62.20	0.0000	0.9678	0.9677	1.0000	-0.0001	1.0000
  155	61.90	0.0000	0.9669	0.9671	1.0000	0.0002	1.0000
  156	61.90	0.0000	0.9668	0.9670	1.0000	0.0002	1.0000
  157	62.00	0.0000	0.9665	0.9666	1.0000	0.0001	1.0000
  158	60.90	0.0000	0.9666	0.9665	1.0000	-0.0001	1.0000
  159	60.90	0.0000	0.9668	0.9668	1.0000	-0.0000	1.0000
  160	61.10	0.0000	0.9664	0.9663	1.0000	-0.0001	1.0000
  161	60.60	0.0000	0.9658	0.9659	1.0000	0.0001	1.0000
  162	59.60	0.0000	0.9648	0.9649	1.0000	0.0001	1.0000
  163	59.80	0.0000	0.9654	0.9654	1.0000	0.0000	1.0000
  164	57.70	0.0000	0.9652	0.9654	1.0000	0.0002	1.0000
  165	56.80	0.0000	0.9645	0.9646	1.0000	0.0001	1.0000
  166	56.90	0.0000	0.9650	0.9650	1.0000	0.0000	1.0000
  167	57.00	0.0000	0.9662	0.9662	1.0000	-0.0000	1.0000
  168	57.10	0.0000	0.9660	0.9660	1.0000	-0.0000	1.0000
  169	56.70	0.0000	0.9663	0.9663	1.0000	-0.0001	1.0000
  170	56.70	0.0000	0.9657	0.9657	1.0000	0.0000	1.0000
  171	57.30	0.0000	0.9656	0.9657	1.0000	0.0001	1.0000
  172	57.20	0.0000	0.9654	0.9655	1.0000	0.0001	1.0000
  173	57.10	0.0000	0.9657	0.9658	1.0000	0.0001	1.0000
  174	57.30	0.0000	0.9663	0.9663	1.0000	0.0000	1.0000
  175	57.10	0.0000	0.9658	0.9659	1.0000	0.0001	1.0000
  176	56.10	0.0000	0.9656	0.9658	1.0000	0.0001	1.0000
  177	56.30	0.0000	0.9656	0.9655	1.0000	-0.0001	1.0000
  178	55.30	0.0000	0.9647	0.9650	1.0000	0.0003	1.0000
  179	54.50	0.0000	0.9647	0.9648	1.0000	0.0001	1.0000
  180	53.40	0.0000	0.9644	0.9644	1.0000	0.0000	1.0000
  181	53.80	0.0000	0.9649	0.9648	1.0000	-0.0000	1.0000
  182	53.60	0.0000	0.9639	0.9639	1.0000	-0.0001	1.0000
  183	53.60	0.0000	0.9638	0.9639	1.0000	0.0001	1.0000
  184	53.60	0.0000	0.9637	0.9636	1.0000	-0.0001	1.0000
  185	52.10	0.0000	0.9626	0.9627	1.0000	0.0001	1.0000
  186	52.00	0.0000	0.9627	0.9627	1.0000	-0.0001	1.0000
  187	52.10	0.0000	0.9623	0.9624	1.0000	0.0002	1.0000
  188	51.40	0.0000	0.9623	0.9623	1.0000	0.0001	1.0000
  189	51.40	0.0000	0.9623	0.9623	1.0000	-0.0000	1.0000
  190	51.40	0.0000	0.9626	0.9625	1.0000	-0.0001	1.0000
  191	52.00	0.0000	0.9618	0.9617	1.0000	-0.0000	1.0000
  192	52.20	0.0000	0.9613	0.9614	1.0000	0.0001	1.0000
  193	51.10	0.0000	0.9619	0.9618	1.0000	-0.0001	1.0000
  194	51.30	0.0000	0.9619	0.9618	1.0000	-0.0000	1.0000
  195	51.70	0.0000	0.9625	0.9626	1.0000	0.0002	1.0000
  196	51.70	0.0000	0.9624	0.9627	1.0000	0.0002	1.0000
  197	51.70	0.0000	0.9625	0.9625	1.0000	0.0000	1.0000
  198	51.90	0.0000	0.9626	0.9626	1.0000	0.0000	1.0000
  199	51.50	0.0000	0.9618	0.9618	1.0000	-0.0001	1.0000
  200	51.40	0.0000	0.9610	0.9610	1.0000	0.0001	1.0000
  201	51.70	0.0000	0.9617	0.9618	1.0000	0.0001	1.0000
  202	51.20	0.0000	0.9601	0.9602	1.0000	0.0001	1.0000
  203	51.20	0.0000	0.9608	0.9609	1.0000	0.0001	1.0000
  204	50.20	0.0000	0.9606	0.9606	1.0000	0.0000	1.0000
  205	50.50	0.0000	0.9610	0.9612	1.0000	0.0002	1.0000
  206	50.70	0.0000	0.9604	0.9605	1.0000	0.0001	1.0000
  207	50.60	0.0000	0.9608	0.9607	1.0000	-0.0001	1.0000
  208	50.80	0.0000	0.9595	0.9594	1.0000	-0.0001	1.0000
  209	50.80	0.0000	0.9595	0.9596	1.0000	0.0001	1.0000
  210	50.80	0.0000	0.9584	0.9585	1.0000	0.0002	1.0000
  211	50.10	0.0000	0.9578	0.9579	1.0000	0.0001	1.0000
  212	50.00	0.0000	0.9585	0.9584	1.0000	-0.0001	1.0000
  213	50.00	0.0000	0.9579	0.9578	1.0000	-0.0001	1.0000
  214	50.00	0.0000	0.9568	0.9570	1.0000	0.0001	1.0000
  215	49.50	0.0000	0.9589	0.9589	1.0000	0.0000	1.0000
  216	48.40	0.0000	0.9571	0.9571	1.0000	-0.0000	1.0000
  217	47.50	0.0000	0.9577	0.9575	1.0000	-0.0001	1.0000
  218	48.00	0.0000	0.9553	0.9554	1.0000	0.0001	1.0000
  219	47.10	0.0000	0.9553	0.9554	1.0000	0.0001	1.0000
  220	47.30	0.0000	0.9550	0.9549	1.0000	-0.0001	1.0000
  221	47.10	0.0000	0.9554	0.9554	1.0000	-0.0000	1.0000
  222	46.70	0.0000	0.9575	0.9575	1.0000	-0.0000	1.0000
  223	47.00	0.0000	0.9567	0.9568	1.0000	0.0001	1.0000
  224	46.70	0.0000	0.9578	0.9578	1.0000	0.0000	1.0000
  225	47.10	0.0000	0.9571	0.9571	1.0000	0.0000	1.0000
  226	46.10	0.0000	0.9562	0.9563	1.0000	0.0001	1.0000
  227	46.00	0.0000	0.9567	0.9566	1.0000	-0.0001	1.0000
  228	46.10	0.0000	0.9569	0.9569	1.0000	-0.0000	1.0000
  229	45.80	0.0000	0.9568	0.9569	1.0000	0.0002	1.0000
  230	45.50	0.0000	0.9564	0.9564	1.0000	0.0000	1.0000
  231	45.40	0.0000	0.9553	0.9554	1.0000	0.0001	1.0000
  232	44.00	0.0000	0.9534	0.9535	1.0000	0.0001	1.0000
  233	44.40	0.0000	0.9545	0.9545	1.0000	0.0000	1.0000
  234	44.10	0.0000	0.9548	0.9550	1.0000	0.0003	1.0000
  235	43.50	0.0000	0.9550	0.9550	1.0000	0.0001	1.0000
  236	43.20	0.0000	0.9552	0.9553	1.0000	0.0001	1.0000
  237	43.00	0.0000	0.9546	0.9547	1.0000	0.0001	1.0000
  238	42.50	0.0000	0.9552	0.9554	1.0000	0.0002	1.0000
  239	42.30	0.0000	0.9560	0.9561	1.0000	0.0002	1.0000
  240	41.30	0.0000	0.9561	0.9562	1.0000	0.0001	1.0000
  241	41.60	0.0000	0.9554	0.9553	1.0000	-0.0001	1.0000
  242	40.40	0.0000	0.9555	0.9555	1.0000	0.0000	1.0000
  243	40.30	0.0000	0.9563	0.9564	1.0000	0.0000	1.0000
  244	39.50	0.0000	0.9563	0.9564	1.0000	0.0001	1.0000
  245	39.70	0.0000	0.9555	0.9557	1.0000	0.0002	1.0000
  246	39.90	0.0000	0.9554	0.9554	1.0000	-0.0000	1.0000
  247	39.50	0.0000	0.9538	0.9540	1.0000	0.0002	1.0000
  248	39.70	0.0000	0.9549	0.9548	1.0000	-0.0001	1.0000
  249	39.10	0.0000	0.9545	0.9544	1.0000	-0.0001	1.0000
  250	38.30	0.0000	0.9545	0.9544	1.0000	-0.0001	1.0000
  251	38.20	0.0000	0.9546	0.9546	1.0000	-0.0000	1.0000
  252	37.30	0.0000	0.9540	0.9541	1.0000	0.0001	1.0000
  253	37.40	0.0000	0.9537	0.9536	1.0000	-0.0001	1.0000
  254	37.50	0.0000	0.9539	0.9540	1.0000	0.0000	1.0000
  255	37.10	0.0000	0.9518	0.9520	1.0000	0.0002	1.0000
  256	37.30	0.0000	0.9518	0.9520	1.0000	0.0002	1.0000
  257	36.50	0.0000	0.9534	0.9535	1.0000	0.0001	1.0000
  258	36.70	0.0000	0.9535	0.9538	1.0000	0.0003	1.0000
  259	36.70	0.0000	0.9532	0.9535	1.0000	0.0003	1.0000
  260	36.80	0.0000	0.9528	0.9527	1.0000	-0.0000	1.0000
  261	37.00	0.0000	0.9526	0.9525	1.0000	-0.0000	1.0000
  262	37.00	0.0000	0.9510	0.9510	1.0000	-0.0000	1.0000
  263	36.60	0.0000	0.9506	0.9508	1.0000	0.0002	1.0000
  264	36.80	0.0000	0.9511	0.9510	1.0000	-0.0001	1.0000
  265	37.40	0.0000	0.9508	0.9508	1.0000	-0.0000	1.0000
  266	37.90	0.0000	0.9497	0.9498	1.0000	0.0001	1.0000
  267	37.20	0.0000	0.9489	0.9490	1.0000	0.0001	1.0000
  268	37.10	0.0000	0.9468	0.9467	1.0000	-0.0001	1.0000
  269	36.80	0.0000	0.9469	0.9468	1.0000	-0.0002	1.0000
  270	36.90	0.0000	0.9478	0.9477	1.0000	-0.0002	1.0000
  271	37.70	0.0000	0.9476	0.9477	1.0000	0.0001	1.0000
  272	37.30	0.0000	0.9481	0.9481	1.0000	-0.0000	1.0000
  273	37.00	0.0000	0.9482	0.9484	1.0000	0.0002	1.0000
  274	35.60	0.0000	0.9471	0.9472	1.0000	0.0001	1.0000
  275	35.60	0.0000	0.9471	0.9473	1.0000	0.0001	1.0000
  276	36.30	0.0000	0.9475	0.9473	1.0000	-0.0002	1.0000
  277	36.10	0.0000	0.9486	0.9485	1.0000	-0.0000	1.0000
  278	34.90	0.0000	0.9477	0.9478	1.0000	0.0001	1.0000
  279	34.60	0.0000	0.9487	0.9488	1.0000	0.0001	1.0000
  280	34.40	0.0000	0.9482	0.9482	1.0000	0.0000	1.0000
  281	34.40	0.0000	0.9489	0.9490	1.0000	0.0000	1.0000
  282	34.50	0.0000	0.9487	0.9488	1.0000	0.0001	1.0000
  283	34.50	0.0000	0.9489	0.9492	1.0000	0.0003	1.0000
  284	34.60	0.0000	0.9481	0.9481	1.0000	0.0000	1.0000
  285	34.70	0.0000	0.9478	0.9477	1.0000	-0.0000	1.0000
  286	34.40	0.0000	0.9483	0.9483	1.0000	-0.0001	1.0000
  287	34.70	0.0000	0.9489	0.9488	1.0000	-0.0001	1.0000
  288	34.30	0.0000	0.9481	0.9483	1.0000	0.0002	1.0000
  289	34.90	0.0000	0.9488	0.9488	1.0000	0.0000	1.0000
  290	34.90	0.0000	0.9475	0.9479	1.0000	0.0004	1.0000
  291	35.10	0.0000	0.9461	0.9462	1.0000	0.0001	1.0000
  292	34.10	0.0000	0.9467	0.9466	1.0000	-0.0001	1.0000
  293	33.60	0.0000	0.9462	0.9461	1.0000	-0.0000	1.0000
  294	33.90	0.0000	0.9458	0.9458	1.0000	-0.0001	1.0000
  295	33.60	0.0000	0.9450	0.9448	1.0000	-0.0002	1.0000
  296	33.90	0.0000	0.9449	0.9451	1.0000	0.0002	1.0000
  297	33.60	0.0000	0.9457	0.9456	1.0000	-0.0001	1.0000
  298	33.20	0.0000	0.9457	0.9457	1.0000	-0.0001	1.0000
  299	33.80	0.0000	0.9444	0.9444	1.0000	0.0000	1.0000
  300	34.30	0.0000	0.9458	0.9457	1.0000	-0.0001	1.0000
  301	34.40	0.0000	0.9435	0.9438	1.0000	0.0003	1.0000
  302	34.00	0.0000	0.9430	0.9432	1.0000	0.0003	1.0000
  303	34.10	0.0000	0.9433	0.9432	1.0000	-0.0001	1.0000
  304	33.30	0.0000	0.9451	0.9452	1.0000	0.0002	1.0000
  305	33.20	0.0000	0.9457	0.9457	1.0000	-0.0000	1.0000
  306	33.40	0.0000	0.9463	0.9466	1.0000	0.0003	1.0000
  307	33.40	0.0000	0.9460	0.9462	1.0000	0.0002	1.0000
  308	33.30	0.0000	0.9450	0.9450	1.0000	0.0000	1.0000
  309	33.40	0.0000	0.9447	0.9449	1.0000	0.0002	1.0000
  310	33.70	0.0000	0.9468	0.9469	1.0000	0.0001	1.0000
  311	33.30	0.0000	0.9456	0.9458	1.0000	0.0002	1.0000
  312	33.50	0.0000	0.9448	0.9451	1.0000	0.0002	1.0000
  313	33.00	0.0000	0.9451	0.9451	1.0000	-0.0000	1.0000
  314	33.20	0.0000	0.9443	0.9445	1.0000	0.0002	1.0000
  315	32.70	0.0000	0.9455	0.9455	1.0000	0.0000	1.0000
  316	32.00	0.0000	0.9457	0.9456	1.0000	-0.0001	1.0000
  317	32.40	0.0000	0.9448	0.9449	1.0000	0.0002	1.0000
  318	32.00	0.0000	0.9453	0.9454	1.0000	0.0000	1.0000
  319	32.10	0.0000	0.9433	0.9432	1.0000	-0.0001	1.0000
  320	31.80	0.0000	0.9451	0.9450	1.0000	-0.0001	1.0000
  321	32.10	0.0000	0.9448	0.9449	1.0000	0.0000	1.0000
  322	32.00	0.0000	0.9440	0.9441	1.0000	0.0001	1.0000
  323	32.00	0.0000	0.9439	0.9439	1.0000	-0.0001	1.0000
  324	32.40	0.0000	0.9425	0.9427	1.0000	0.0001	1.0000
  325	32.50	0.0000	0.9435	0.9434	1.0000	-0.0002	1.0000
  326	32.20	0.0000	0.9436	0.9435	1.0000	-0.0001	1.0000
  327	32.00	0.0000	0.9432	0.9433	1.0000	0.0001	1.0000
  328	32.00	0.0000	0.9415	0.9415	1.0000	0.0000	1.0000
  329	31.80	0.0000	0.9415	0.9415	1.0000	0.0001	1.0000
  330	31.70	0.0000	0.9399	0.9402	1.0000	0.0003	1.0000
  331	31.70	0.0000	0.9403	0.9401	1.0000	-0.0002	1.0000
  332	32.20	0.0000	0.9407	0.9406	1.0000	-0.0001	1.0000
  333	31.90	0.0000	0.9419	0.9420	1.0000	0.0000	1.0000
  334	31.80	0.0000	0.9419	0.9419	1.0000	0.0000	1.0000
  335	32.00	0.0000	0.9410	0.9412	1.0000	0.0003	1.0000
  336	32.70	0.0000	0.9420	0.9422	1.0000	0.0002	1.0000
  337	32.50	0.0000	0.9413	0.9413	1.0000	0.0000	1.0000
  338	32.40	0.0000	0.9388	0.9390	1.0000	0.0002	1.0000
  339	32.20	0.0000	0.9389	0.9391	1.0000	0.0003	1.0000
  340	31.80	0.0000	0.9401	0.9400	1.0000	-0.0001	1.0000
  341	32.70	0.0000	0.9400	0.9403	1.0000	0.0003	1.0000
  342	32.40	0.0000	0.9396	0.9396	1.0000	0.0001	1.0000
  343	32.40	0.0000	0.9377	0.9377	1.0000	-0.0000	1.0000
  344	31.90	0.0000	0.9379	0.9381	1.0000	0.0002	1.0000
  345	31.50	0.0000	0.9381	0.9382	1.0000	0.0001	1.0000
  346	31.10	0.0000	0.9365	0.9367	1.0000	0.0001	1.0000
  347	31.30	0.0000	0.9381	0.9381	1.0000	0.0000	1.0000
  348	31.90	0.0000	0.9379	0.9378	1.0000	-0.0001	1.0000
  349	31.50	0.0000	0.9383	0.9385	1.0000	0.0002	1.0000
  350	30.90	0.0000	0.9385	0.9386	1.0000	0.0001	1.0000
  351	30.40	0.0000	0.9374	0.9374	1.0000	0.0000	1.0000
  352	30.50	0.0000	0.9349	0.9347	1.0000	-0.0003	1.0000
  353	30.80	0.0000	0.9345	0.9347	1.0000	0.0002	1.0000
  354	30.90	0.0000	0.9335	0.9334	1.0000	-0.0001	1.0000
  355	29.90	0.0000	0.9338	0.9338	1.0000	-0.0000	1.0000
  356	30.10	0.0000	0.9330	0.9330	1.0000	0.0000	1.0000
  357	30.00	0.0000	0.9348	0.9350	1.0000	0.0001	1.0000
  358	30.40	0.0000	0.9338	0.9337	1.0000	-0.0001	1.0000
  359	30.50	0.0000	0.9334	0.9334	1.0000	-0.0000	1.0000
  360	30.80	0.0000	0.9334	0.9333	1.0000	-0.0001	1.0000
  361	31.30	0.0000	0.9353	0.9353	1.0000	-0.0000	1.0000
  362	31.00	0.0000	0.9335	0.9335	1.0000	0.0000	1.0000
  363	29.70	0.0000	0.9329	0.9329	1.0000	-0.0001	1.0000
  364	29.80	0.0000	0.9309	0.9310	1.0000	0.0000	1.0000
  365	29.80	0.0000	0.9311	0.9311	1.0000	-0.0000	1.0000
  366	29.20	0.0000	0.9309	0.9309	1.0000	-0.0000	1.0000
  367	28.40	0.0000	0.9330	0.9332	1.0000	0.0002	1.0000
  368	28.70	0.0000	0.9343	0.9345	1.0000	0.0003	1.0000
  369	27.80	0.0000	0.9328	0.9331	1.0000	0.0003	1.0000
  370	27.80	0.0000	0.9335	0.9334	1.0000	-0.0001	1.0000
  371	27.70	0.0000	0.9350	0.9348	1.0000	-0.0002	1.0000
  372	27.90	0.0000	0.9359	0.9361	1.0000	0.0002	1.0000
  373	28.20	0.0000	0.9386	0.9386	1.0000	0.0001	1.0000
  374	28.20	0.0000	0.9374	0.9376	1.0000	0.0002	1.0000
  375	28.10	0.0000	0.9373	0.9372	1.0000	-0.0001	1.0000
  376	28.40	0.0000	0.9384	0.9383	1.0000	-0.0001	1.0000
  377	28.40	0.0000	0.9376	0.9376	1.0000	0.0000	1.0000
  378	28.40	0.0000	0.9369	0.9367	1.0000	-0.0002	1.0000
  379	28.50	0.0000	0.9356	0.9356	1.0000	-0.0001	1.0000
  380	28.40	0.0000	0.9339	0.9342	1.0000	0.0004	1.0000
  381	28.30	0.0000	0.9340	0.9340	1.0000	-0.0001	1.0000
  382	28.30	0.0000	0.9333	0.9332	1.0000	-0.0001	1.0000
  383	28.30	0.0000	0.9314	0.9314	1.0000	0.0000	1.0000
  384	28.40	0.0000	0.9313	0.9316	1.0000	0.0003	1.0000
  385	28.30	0.0000	0.9328	0.9328	1.0000	0.0001	1.0000
  386	28.30	0.0000	0.9330	0.9330	1.0000	-0.0000	1.0000
  387	28.40	0.0000	0.9311	0.9311	1.0000	0.0000	1.0000
  388	28.60	0.0000	0.9290	0.9291	1.0000	0.0000	1.0000
  389	28.50	0.0000	0.9300	0.9300	1.0000	0.0000	1.0000
  390	28.20	0.0000	0.9299	0.9300	1.0000	0.0001	1.0000
  391	28.60	0.0000	0.9305	0.9307	1.0000	0.0002	1.0000
  392	28.30	0.0000	0.9302	0.9305	1.0000	0.0003	1.0000
  393	29.10	0.0000	0.9319	0.9319	1.0000	0.0001	1.0000
  394	28.50	0.0000	0.9335	0.9333	1.0000	-0.0002	1.0000
  395	28.30	0.0000	0.9338	0.9338	1.0000	-0.0000	1.0000
  396	28.70	0.0000	0.9341	0.9345	1.0000	0.0004	1.0000
  397	28.70	0.0000	0.9352	0.9352	1.0000	-0.0000	1.0000
  398	28.10	0.0000	0.9354	0.9356	1.0000	0.0002	1.0000
  399	28.90	0.0000	0.9348	0.9346	1.0000	-0.0003	1.0000
  400	29.00	0.0000	0.9336	0.9337	1.0000	0.0001	1.0000
  401	28.80	0.0000	0.9323	0.9326	1.0000	0.0002	1.0000
  402	29.10	0.0000	0.9314	0.9315	1.0000	0.0001	1.0000
  403	28.50	0.0000	0.9302	0.9303	1.0000	0.0001	1.0000
  404	28.60	0.0000	0.9309	0.9310	1.0000	0.0002	1.0000
  405	28.40	0.0000	0.9320	0.9322	1.0000	0.0001	1.0000
  406	28.70	0.0000	0.9323	0.9329	1.0000	0.0007	1.0000
  407	28.80	0.0000	0.9302	0.9303	1.0000	0.0002	1.0000
  408	28.80	0.0000	0.9289	0.9290	1.0000	0.0001	1.0000
  409	28.80	0.0000	0.9298	0.9298	1.0000	-0.0001	1.0000
  410	28.80	0.0000	0.9289	0.9286	1.0000	-0.0003	1.0000
  411	29.10	0.0000	0.9282	0.9282	1.0000	-0.0001	1.0000
  412	29.00	0.0000	0.9293	0.9293	1.0000	0.0001	1.0000
  413	28.90	0.0000	0.9300	0.9300	1.0000	-0.0000	1.0000
  414	29.60	0.0000	0.9306	0.9307	1.0000	0.0001	1.0000
  415	29.30	0.0000	0.9308	0.9308	1.0000	0.0000	1.0000
  416	29.00	0.0000	0.9309	0.9308	1.0000	-0.0001	1.0000
  417	28.90	0.0000	0.9296	0.9294	1.0000	-0.0001	1.0000
  418	28.40	0.0000	0.9274	0.9275	1.0000	0.0001	1.0000
  419	28.40	0.0000	0.9269	0.9270	1.0000	0.0001	1.0000
  420	28.40	0.0000	0.9275	0.9275	1.0000	0.0001	1.0000
  421	28.60	0.0000	0.9279	0.9281	1.0000	0.0002	1.0000
  422	28.60	0.0000	0.9286	0.9288	1.0000	0.0002	1.0000
  423	28.50	0.0000	0.9305	0.9305	1.0000	0.0000	1.0000
  424	28.60	0.0000	0.9311	0.9311	1.0000	-0.0001	1.0000
  425	28.70	0.0000	0.9308	0.9306	1.0000	-0.0002	1.0000
  426	28.70	0.0000	0.9320	0.9321	1.0000	0.0001	1.0000
  427	28.60	0.0000	0.9311	0.9316	1.0000	0.0005	1.0000
  428	28.60	0.0000	0.9316	0.9318	1.0000	0.0003	1.0000
  429	27.90	0.0000	0.9314	0.9314	1.0000	-0.0000	1.0000
  430	27.70	0.0000	0.9315	0.9318	1.0000	0.0003	1.0000
  431	27.60	0.0000	0.9322	0.9325	1.0000	0.0003	1.0000
  432	27.60	0.0000	0.9337	0.9337	1.0000	0.0000	1.0000
  433	27.50	0.0000	0.9340	0.9339	1.0000	-0.0001	1.0000
  434	27.80	0.0000	0.9341	0.9340	1.0000	-0.0001	1.0000
  435	27.60	0.0000	0.9354	0.9355	1.0000	0.0000	1.0000
  436	27.60	0.0000	0.9352	0.9353	1.0000	0.0001	1.0000
  437	26.70	0.0000	0.9341	0.9343	1.0000	0.0002	1.0000
  438	27.30	0.0000	0.9340	0.9345	1.0000	0.0005	1.0000
  439	27.70	0.0000	0.9346	0.9347	1.0000	0.0001	1.0000
  440	27.50	0.0000	0.9334	0.9334	1.0000	-0.0000	1.0000
  441	27.20	0.0000	0.9305	0.9305	1.0000	-0.0000	1.0000
  442	27.20	0.0000	0.9296	0.9295	1.0000	-0.0001	1.0000
  443	27.10	0.0000	0.9293	0.9295	1.0000	0.0002	1.0000
  444	27.20	0.0000	0.9288	0.9292	1.0000	0.0004	1.0000
  445	27.00	0.0000	0.9284	0.9283	1.0000	-0.0001	1.0000
  446	26.90	0.0000	0.9281	0.9281	1.0000	-0.0000	1.0000
  447	27.20	0.0000	0.9280	0.9279	1.0000	-0.0001	1.0000
  448	26.90	0.0000	0.9280	0.9279	1.0000	-0.0001	1.0000
  449	27.00	0.0000	0.9284	0.9285	1.0000	0.0001	1.0000
  450	26.80	0.0000	0.9278	0.9282	1.0000	0.0004	1.0000
  451	26.70	0.0000	0.9298	0.9298	1.0000	0.0001	1.0000
  452	26.30	0.0000	0.9284	0.9284	1.0000	0.0001	1.0000
  453	26.40	0.0000	0.9321	0.9322	1.0000	0.0001	1.0000
  454	26.70	0.0000	0.9317	0.9321	1.0000	0.0004	1.0000
  455	27.00	0.0000	0.9309	0.9312	1.0000	0.0004	1.0000
  456	26.90	0.0000	0.9303	0.9304	1.0000	0.0000	1.0000
  457	27.00	0.0000	0.9303	0.9304	1.0000	0.0002	1.0000
  458	26.70	0.0000	0.9292	0.9290	1.0000	-0.0002	1.0000
  459	27.00	0.0000	0.9290	0.9293	1.0000	0.0003	1.0000
  460	27.20	0.0000	0.9280	0.9279	1.0000	-0.0001	1.0000
  461	27.10	0.0000	0.9274	0.9274	1.0000	-0.0000	1.0000
  462	27.40	0.0000	0.9276	0.9276	1.0000	0.0000	1.0000
  463	27.20	0.0000	0.9265	0.9267	1.0000	0.0002	1.0000
  464	27.30	0.0000	0.9252	0.9251	1.0000	-0.0001	1.0000
  465	26.60	0.0000	0.9237	0.9237	1.0000	-0.0000	1.0000
  466	26.70	0.0000	0.9258	0.9262	1.0000	0.0004	1.0000
  467	26.60	0.0000	0.9264	0.9264	1.0000	-0.0001	1.0000
  468	26.70	0.0000	0.9257	0.9256	1.0000	-0.0002	1.0000
  469	26.90	0.0000	0.9242	0.9243	1.0000	0.0001	1.0000
  470	27.00	0.0000	0.9236	0.9238	1.0000	0.0002	1.0000
  471	26.50	0.0000	0.9247	0.9246	1.0000	-0.0001	1.0000
  472	27.00	0.0000	0.9244	0.9244	1.0000	-0.0000	1.0000
  473	27.00	0.0000	0.9260	0.9260	1.0000	0.0000	1.0000
  474	26.50	0.0000	0.9265	0.9262	1.0000	-0.0003	1.0000
  475	26.80	0.0000	0.9254	0.9251	1.0000	-0.0003	1.0000
  476	26.50	0.0000	0.9256	0.9256	1.0000	-0.0000	1.0000
  477	26.60	0.0000	0.9252	0.9256	1.0000	0.0004	1.0000
  478	26.60	0.0000	0.9269	0.9270	1.0000	0.0001	1.0000
  479	26.60	0.0000	0.9271	0.9272	1.0000	0.0000	1.0000
  480	26.30	0.0000	0.9275	0.9277	1.0000	0.0003	1.0000
  481	26.40	0.0000	0.9291	0.9292	1.0000	0.0001	1.0000
  482	26.10	0.0000	0.9286	0.9286	1.0000	-0.0000	1.0000
  483	26.20	0.0000	0.9282	0.9281	1.0000	-0.0001	1.0000
  484	25.80	0.0000	0.9262	0.9264	1.0000	0.0002	1.0000
  485	25.90	0.0000	0.9285	0.9284	1.0000	-0.0000	1.0000
  486	26.00	0.0000	0.9300	0.9302	1.0000	0.0002	1.0000
  487	25.90	0.0000	0.9277	0.9278	1.0000	0.0001	1.0000
  488	26.20	0.0000	0.9281	0.9284	1.0000	0.0002	1.0000
  489	25.80	0.0000	0.9277	0.9276	1.0000	-0.0001	1.0000
  490	25.90	0.0000	0.9271	0.9272	1.0000	0.0001	1.0000
  491	26.30	0.0000	0.9264	0.9266	1.0000	0.0002	1.0000
  492	25.90	0.0000	0.9269	0.9267	1.0000	-0.0002	1.0000
  493	26.10	0.0000	0.9255	0.9257	1.0000	0.0002	1.0000
  494	26.10	0.0000	0.9246	0.9248	1.0000	0.0002	1.0000
  495	26.50	0.0000	0.9246	0.9245	1.0000	-0.0002	1.0000
  496	26.20	0.0000	0.9236	0.9237	1.0000	0.0001	1.0000
  497	26.40	0.0000	0.9231	0.9232	1.0000	0.0001	1.0000
  498	26.50	0.0000	0.9238	0.9238	1.0000	0.0000	1.0000
  499	26.60	0.0000	0.9227	0.9227	1.0000	-0.0001	1.0000
  500	26.80	0.0000	0.9210	0.9211	1.0000	0.0001	1.0000