    gen	allel	   Ho	   Hs	   Ht	  Fis	  Fst	  Fit
    1	956.70	0.0000	0.9987	0.9988	1.0000	0.0001	1.0000
    2	894.60	0.0000	0.9985	0.9986	1.0000	0.0001	1.0000
    3	831.20	0.0000	0.9982	0.9983	1.0000	0.0002	1.0000
    4	774.50	0.0000	0.9980	0.9981	1.0000	0.0001	1.0000
    5	723.90	0.0000	0.9978	0.9979	1.0000	0.0001	1.0000
    6	676.40	0.0000	0.9977	0.9978	1.0000	0.0001	1.0000
    7	630.80	0.0000	0.9975	0.9976	1.0000	0.0001	1.0000
    8	593.10	0.0000	0.9973	0.9974	1.0000	0.0001	1.0000
    9	561.10	0.0000	0.9971	0.9972	1.0000	0.0002	1.0000
   10	533.50	0.0000	0.9969	0.9970	1.0000	0.0001	1.0000
   11	511.10	0.0000	0.9967	0.9968	1.0000	0.0001	1.0000
   12	486.60	0.0000	0.9965	0.9966	1.0000	0.0001	1.0000
   13	464.90	0.0000	0.9963	0.9963	1.0000	0.0001	1.0000
   14	442.30	0.0000	0.9960	0.9961	1.0000	0.0001	1.0000
   15	427.80	0.0000	0.9959	0.9960	1.0000	0.0001	1.0000
   16	409.70	0.0000	0.9956	0.9957	1.0000	0.0001	1.0000
   17	395.70	0.0000	0.9955	0.9956	1.0000	0.0001	1.0000
   18	379.60	0.0000	0.9952	0.9953	1.0000	0.0001	1.0000
   19	363.90	0.0000	0.9950	0.9951	1.0000	0.0002	1.0000
   20	350.80	0.0000	0.9947	0.9949	1.0000	0.0002	1.0000
   21	338.10	0.0000	0.9944	0.9947	1.0000	0.0002	1.0000
   22	328.60	0.0000	0.9943	0.9945	1.0000	0.0002	1.0000
   23	318.30	0.0000	0.9942	0.9943	1.0000	0.0001	1.0000
   24	309.80	0.0000	0.9940	0.9942	1.0000	0.0001	1.0000
   25	300.10	0.0000	0.9938	0.9939	1.0000	0.0001	1.0000
   26	293.40	0.0000	0.9936	0.9937	1.0000	0.0001	1.0000
   27	285.70	0.0000	0.9934	0.9936	1.0000	0.0002	1.0000
   28	276.50	0.0000	0.9931	0.9933	1.0000	0.0002	1.0000
   29	273.00	0.0000	0.9931	0.9933	1.0000	0.0003	1.0000
   30	266.50	0.0000	0.9928	0.9930	1.0000	0.0001	1.0000
   31	259.10	0.0000	0.9927	0.9927	1.0000	0.0001	1.0000
   32	250.00	0.0000	0.9922	0.9925	1.0000	0.0002	1.0000
   33	244.80	0.0000	0.9921	0.9922	1.0000	0.0001	1.0000
   34	237.70	0.0000	0.9917	0.9920	1.0000	0.0003	1.0000
   35	231.90	0.0000	0.9916	0.9917	1.0000	0.0001	1.0000
   36	224.70	0.0000	0.9915	0.9916	1.0000	0.0001	1.0000
   37	222.60	0.0000	0.9915	0.9916	1.0000	0.0001	1.0000
   38	215.50	0.0000	0.9913	0.9915	1.0000	0.0002	1.0000
   39	211.30	0.0000	0.9912	0.9914	1.0000	0.0002	1.0000
   40	207.40	0.0000	0.9909	0.9910	1.0000	0.0001	1.0000
   41	203.10	0.0000	0.9906	0.9907	1.0000	0.0001	1.0000
   42	196.90	0.0000	0.9905	0.9905	1.0000	0.0000	1.0000
   43	194.90	0.0000	0.9903	0.9903	1.0000	-0.0000	1.0000
   44	191.90	0.0000	0.9898	0.9898	1.0000	0.0001	1.0000
   45	186.70	0.0000	0.9896	0.9898	1.0000	0.0001	1.0000
   46	180.60	0.0000	0.9893	0.9894	1.0000	0.0001	1.0000
   47	177.00	0.0000	0.9890	0.9891	1.0000	0.0001	1.0000
   48	172.60	0.0000	0.9889	0.9890	1.0000	0.0001	1.0000
   49	170.70	0.0000	0.9890	0.9891	1.0000	0.0001	1.0000
   50	165.70	0.0000	0.9888	0.9889	1.0000	0.0001	1.0000
   51	164.40	0.0000	0.9884	0.9885	1.0000	0.0001	1.0000
   52	157.00	0.0000	0.9883	0.9884	1.0000	0.0001	1.0000
   53	155.90	0.0000	0.9884	0.9884	1.0000	0.0001	1.0000
   54	153.00	0.0000	0.9880	0.9881	1.0000	0.0001	1.0000
   55	151.40	0.0000	0.9878	0.9879	1.0000	0.0001	1.0000
   56	150.20	0.0000	0.9873	0.9875	1.0000	0.0002	1.0000
   57	147.20	0.0000	0.9870	0.9872	1.0000	0.0002	1.0000
   58	144.80	0.0000	0.9868	0.9869	1.0000	0.0001	1.0000
   59	142.00	0.0000	0.9866	0.9867	1.0000	0.0001	1.0000
   60	139.60	0.0000	0.9866	0.9867	1.0000	0.0001	1.0000
   61	136.90	0.0000	0.9862	0.9863	1.0000	0.0001	1.0000
   62	136.10	0.0000	0.9863	0.9864	1.0000	0.0001	1.0000
   63	134.30	0.0000	0.9859	0.9862	1.0000	0.0003	1.0000
   64	133.00	0.0000	0.9855	0.9856	1.0000	0.0002	1.0000
   65	132.00	0.0000	0.9856	0.9857	1.0000	0.0001	1.0000
   66	130.70	0.0000	0.9854	0.9855	1.0000	0.0000	1.0000
   67	130.10	0.0000	0.9850	0.9851	1.0000	0.0001	1.0000
   68	129.10	0.0000	0.9848	0.9849	1.0000	0.0001	1.0000
   69	127.30	0.0000	0.9845	0.9848	1.0000	0.0002	1.0000
   70	125.80	0.0000	0.9843	0.9845	1.0000	0.0002	1.0000
   71	123.10	0.0000	0.9848	0.9849	1.0000	0.0001	1.0000
   72	121.30	0.0000	0.9844	0.9846	1.0000	0.0002	1.0000
   73	120.30	0.0000	0.9842	0.9844	1.0000	0.0002	1.0000
   74	117.70	0.0000	0.9844	0.9845	1.0000	0.0001	1.0000
   75	114.90	0.0000	0.9845	0.9846	1.0000	0.0001	1.0000
   76	114.20	0.0000	0.9844	0.9845	1.0000	0.0002	1.0000
   77	112.90	0.0000	0.9841	0.9843	1.0000	0.0002	1.0000
   78	113.00	0.0000	0.9841	0.9843	1.0000	0.0001	1.0000
   79	113.30	0.0000	0.9840	0.9842	1.0000	0.0002	1.0000
   80	112.00	0.0000	0.9840	0.9842	1.0000	0.0002	1.0000
   81	111.10	0.0000	0.9838	0.9839	1.0000	0.0001	1.0000
   82	110.00	0.0000	0.9834	0.9836	1.0000	0.0002	1.0000
   83	109.20	0.0000	0.9834	0.9836	1.0000	0.0002	1.0000
   84	107.90	0.0000	0.9830	0.9831	1.0000	0.0001	1.0000
   85	106.80	0.0000	0.9824	0.9827	1.0000	0.0003	1.0000
   86	105.80	0.0000	0.9826	0.9828	1.0000	0.0002	1.0000
   87	104.00	0.0000	0.9824	0.9824	1.0000	0.0000	1.0000
   88	104.20	0.0000	0.9828	0.9829	1.0000	0.0001	1.0000
   89	102.20	0.0000	0.9831	0.9832	1.0000	0.0000	1.0000
   90	102.20	0.0000	0.9826	0.9827	1.0000	0.0002	1.0000
   91	101.40	0.0000	0.9822	0.9823	1.0000	0.0001	1.0000
   92	101.40	0.0000	0.9823	0.9824	1.0000	0.0001	1.0000
   93	102.00	0.0000	0.9818	0.9819	1.0000	0.0001	1.0000
   94	101.20	0.0000	0.9814	0.9816	1.0000	0.0002	1.0000
   95	101.20	0.0000	0.9812	0.9814	1.0000	0.0002	1.0000
   96	101.10	0.0000	0.9814	0.9815	1.0000	0.0001	1.0000
   97	101.00	0.0000	0.9804	0.9805	1.0000	0.0001	1.0000
   98	100.60	0.0000	0.9806	0.9808	1.0000	0.0001	1.0000
   99	100.20	0.0000	0.9801	0.9803	1.0000	0.0003	1.0000
  100	98.20	0.0000	0.9800	0.9804	1.0000	0.0004	1.0000
  101	97.20	0.0000	0.9797	0.9797	1.0000	0.0000	1.0000
  102	95.70	0.0000	0.9793	0.9795	1.0000	0.0002	1.0000
  103	95.20	0.0000	0.9787	0.9788	1.0000	0.0002	1.0000
  104	94.10	0.0000	0.9786	0.9787	1.0000	0.0001	1.0000
  105	93.50	0.0000	0.9788	0.9789	1.0000	0.0001	1.0000
  106	93.30	0.0000	0.9782	0.9785	1.0000	0.0002	1.0000
  107	88.20	0.0000	0.9787	0.9788	1.0000	0.0001	1.0000
  108	87.50	0.0000	0.9785	0.9787	1.0000	0.0002	1.0000
  109	87.00	0.0000	0.9783	0.9784	1.0000	0.0000	1.0000
  110	86.10	0.0000	0.9785	0.9787	1.0000	0.0002	1.0000
  111	85.30	0.0000	0.9783	0.9784	1.0000	0.0001	1.0000
  112	85.40	0.0000	0.9783	0.9784	1.0000	0.0001	1.0000
  113	85.50	0.0000	0.9778	0.9780	1.0000	0.0002	1.0000
  114	83.90	0.0000	0.9782	0.9785	1.0000	0.0003	1.0000
  115	83.70	0.0000	0.9781	0.9782	1.0000	0.0001	1.0000
  116	82.90	0.0000	0.9778	0.9778	1.0000	0.0000	1.0000
  117	81.70	0.0000	0.9771	0.9773	1.0000	0.0003	1.0000
  118	81.50	0.0000	0.9770	0.9773	1.0000	0.0003	1.0000
  119	80.70	0.0000	0.9773	0.9775	1.0000	0.0002	1.0000
  120	79.80	0.0000	0.9772	0.9773	1.0000	0.0001	1.0000
  121	78.10	0.0000	0.9770	0.9771	1.0000	0.0001	1.0000
  122	77.90	0.0000	0.9768	0.9770	1.0000	0.0002	1.0000
  123	77.50	0.0000	0.9767	0.9768	1.0000	0.0001	1.0000
  124	78.20	0.0000	0.9769	0.9771	1.0000	0.0002	1.0000
  125	77.90	0.0000	0.9772	0.9773	1.0000	0.0001	1.0000
  126	77.00	0.0000	0.9768	0.9769	1.0000	0.0001	1.0000
  127	76.30	0.0000	0.9762	0.9763	1.0000	0.0001	1.0000
  128	76.00	0.0000	0.9772	0.9772	1.0000	0.0001	1.0000
  129	75.40	0.0000	0.9770	0.9772	1.0000	0.0002	1.0000
  130	75.30	0.0000	0.9764	0.9767	1.0000	0.0003	1.0000
  131	75.40	0.0000	0.9768	0.9769	1.0000	0.0001	1.0000
  132	74.10	0.0000	0.9763	0.9764	1.0000	0.0000	1.0000
  133	74.20	0.0000	0.9762	0.9763	1.0000	0.0001	1.0000
  134	75.00	0.0000	0.9759	0.9760	1.0000	0.0000	1.0000
  135	75.20	0.0000	0.9755	0.9756	1.0000	0.0001	1.0000
  136	75.30	0.0000	0.9755	0.9757	1.0000	0.0001	1.0000
  137	74.90	0.0000	0.9752	0.9752	1.0000	0.0000	1.0000
  138	73.40	0.0000	0.9750	0.9748	1.0000	-0.0001	1.0000
  139	73.00	0.0000	0.9741	0.9741	1.0000	0.0000	1.0000
  140	72.60	0.0000	0.9739	0.9741	1.0000	0.0003	1.0000
  141	71.90	0.0000	0.9739	0.9741	1.0000	0.0003	1.0000
  142	70.80	0.0000	0.9741	0.9742	1.0000	0.0001	1.0000
  143	70.80	0.0000	0.9740	0.9742	1.0000	0.0002	1.0000
  144	70.80	0.0000	0.9741	0.9743	1.0000	0.0002	1.0000
  145	71.10	0.0000	0.9733	0.9735	1.0000	0.0001	1.0000
  146	71.00	0.0000	0.9730	0.9732	1.0000	0.0002	1.0000
  147	70.00	0.0000	0.9727	0.9729	1.0000	0.0002	1.0000
  148	69.40	0.0000	0.9723	0.9725	1.0000	0.0002	1.0000
  149	69.40	0.0000	0.9729	0.9729	1.0000	-0.0000	1.0000
  150	69.30	0.0000	0.9724	0.9726	1.0000	0.0002	1.0000
  151	69.50	0.0000	0.9729	0.9730	1.0000	0.0001	1.0000
  152	69.40	0.0000	0.9728	0.9729	1.0000	0.0002	1.0000
  153	69.30	0.0000	0.9726	0.9728	1.0000	0.0002	1.0000
  154	68.70	0.0000	0.9725	0.9726	1.0000	0.0000	1.0000
  155	66.70	0.0000	0.9715	0.9717	1.0000	0.0001	1.0000
  156	66.20	0.0000	0.9717	0.9718	1.0000	0.0001	1.0000
  157	65.30	0.0000	0.9715	0.9717	1.0000	0.0001	1.0000
  158	65.70	0.0000	0.9718	0.9718	1.0000	0.0000	1.0000
  159	65.00	0.0000	0.9718	0.9720	1.0000	0.0002	1.0000
  160	65.60	0.0000	0.9720	0.9720	1.0000	0.0001	1.0000
  161	65.50	0.0000	0.9714	0.9715	1.0000	0.0001	1.0000
  162	65.40	0.0000	0.9709	0.9709	1.0000	0.0001	1.0000
  163	63.60	0.0000	0.9712	0.9713	1.0000	0.0002	1.0000
  164	61.50	0.0000	0.9722	0.9723	1.0000	0.0001	1.0000
  165	61.30	0.0000	0.9727	0.9728	1.0000	0.0001	1.0000
  166	61.40	0.0000	0.9723	0.9724	1.0000	0.0001	1.0000
  167	61.50	0.0000	0.9719	0.9719	1.0000	0.0000	1.0000
  168	61.40	0.0000	0.9714	0.9716	1.0000	0.0001	1.0000
  169	61.30	0.0000	0.9717	0.9720	1.0000	0.0003	1.0000
  170	60.10	0.0000	0.9715	0.9717	1.0000	0.0002	1.0000
  171	60.40	0.0000	0.9714	0.9714	1.0000	-0.0000	1.0000
  172	60.90	0.0000	0.9714	0.9715	1.0000	0.0001	1.0000
  173	60.40	0.0000	0.9716	0.9718	1.0000	0.0002	1.0000
  174	60.00	0.0000	0.9720	0.9722	1.0000	0.0002	1.0000
  175	60.00	0.0000	0.9709	0.9711	1.0000	0.0003	1.0000
  176	60.00	0.0000	0.9706	0.9708	1.0000	0.0002	1.0000
  177	58.40	0.0000	0.9701	0.9703	1.0000	0.0003	1.0000
  178	58.70	0.0000	0.9697	0.9700	1.0000	0.0003	1.0000
  179	57.90	0.0000	0.9700	0.9700	1.0000	-0.0000	1.0000
  180	58.00	0.0000	0.9689	0.9690	1.0000	0.0001	1.0000
  181	57.80	0.0000	0.9695	0.9695	1.0000	0.0000	1.0000
  182	57.80	0.0000	0.9696	0.9694	1.0000	-0.0002	1.0000
  183	57.20	0.0000	0.9686	0.9685	1.0000	-0.0001	1.0000
  184	57.10	0.0000	0.9675	0.9675	1.0000	0.0000	1.0000
  185	55.60	0.0000	0.9666	0.9669	1.0000	0.0003	1.0000
  186	55.30	0.0000	0.9657	0.9657	1.0000	-0.0000	1.0000
  187	53.40	0.0000	0.9657	0.9657	1.0000	-0.0000	1.0000
  188	53.10	0.0000	0.9659	0.9660	1.0000	0.0001	1.0000
  189	53.10	0.0000	0.9662	0.9665	1.0000	0.0002	1.0000
  190	53.40	0.0000	0.9668	0.9668	1.0000	-0.0000	1.0000
  191	53.80	0.0000	0.9666	0.9666	1.0000	0.0000	1.0000
  192	52.70	0.0000	0.9669	0.9671	1.0000	0.0002	1.0000
  193	52.30	0.0000	0.9675	0.9680	1.0000	0.0005	1.0000
  194	51.90	0.0000	0.9680	0.9684	1.0000	0.0004	1.0000
  195	52.00	0.0000	0.9674	0.9678	1.0000	0.0004	1.0000
  196	52.00	0.0000	0.9673	0.9676	1.0000	0.0003	1.0000
  197	51.70	0.0000	0.9671	0.9674	1.0000	0.0003	1.0000
  198	51.20	0.0000	0.9668	0.9669	1.0000	0.0001	1.0000
  199	51.00	0.0000	0.9662	0.9663	1.0000	0.0002	1.0000
  200	51.20	0.0000	0.9659	0.9660	1.0000	0.0001	1.0000
  201	51.10	0.0000	0.9668	0.9670	1.0000	0.0002	1.0000
  202	51.20	0.0000	0.9668	0.9670	1.0000	0.0003	1.0000
  203	50.00	0.0000	0.9671	0.9671	1.0000	-0.0001	1.0000
  204	50.30	0.0000	0.9675	0.9676	1.0000	0.0002	1.0000
  205	50.60	0.0000	0.9674	0.9675	1.0000	0.0001	1.0000
  206	50.10	0.0000	0.9666	0.9666	1.0000	0.0001	1.0000
  207	50.10	0.0000	0.9671	0.9672	1.0000	0.0001	1.0000
  208	50.10	0.0000	0.9671	0.9671	1.0000	-0.0000	1.0000
  209	50.00	0.0000	0.9665	0.9666	1.0000	0.0001	1.0000
  210	50.10	0.0000	0.9660	0.9662	1.0000	0.0002	1.0000
  211	49.80	0.0000	0.9654	0.9657	1.0000	0.0003	1.0000
  212	49.80	0.0000	0.9656	0.9655	1.0000	-0.0000	1.0000
  213	49.60	0.0000	0.9660	0.9660	1.0000	0.0000	1.0000
  214	49.90	0.0000	0.9654	0.9655	1.0000	0.0000	1.0000
  215	49.10	0.0000	0.9641	0.9642	1.0000	0.0001	1.0000
  216	49.10	0.0000	0.9638	0.9639	1.0000	0.0001	1.0000
  217	48.00	0.0000	0.9641	0.9643	1.0000	0.0001	1.0000
  218	47.80	0.0000	0.9641	0.9641	1.0000	0.0000	1.0000
  219	48.20	0.0000	0.9632	0.9635	1.0000	0.0003	1.0000
  220	47.80	0.0000	0.9631	0.9632	1.0000	0.0001	1.0000
  221	47.90	0.0000	0.9634	0.9636	1.0000	0.0003	1.0000
  222	47.80	0.0000	0.9629	0.9631	1.0000	0.0001	1.0000
  223	48.20	0.0000	0.9627	0.9628	1.0000	0.0002	1.0000
  224	48.80	0.0000	0.9622	0.9623	1.0000	0.0002	1.0000
  225	48.50	0.0000	0.9631	0.9632	1.0000	0.0001	1.0000
  226	48.30	0.0000	0.9628	0.9631	1.0000	0.0003	1.0000
  227	48.00	0.0000	0.9625	0.9627	1.0000	0.0002	1.0000
  228	47.50	0.0000	0.9618	0.9620	1.0000	0.0003	1.0000
  229	46.20	0.0000	0.9613	0.9616	1.0000	0.0002	1.0000
  230	46.30	0.0000	0.9613	0.9613	1.0000	-0.0000	1.0000
  231	45.50	0.0000	0.9610	0.9611	1.0000	0.0001	1.0000
  232	45.50	0.0000	0.9605	0.9606	1.0000	0.0002	1.0000
  233	46.10	0.0000	0.9591	0.9593	1.0000	0.0002	1.0000
  234	45.80	0.0000	0.9591	0.9593	1.0000	0.0002	1.0000
  235	45.70	0.0000	0.9599	0.9601	1.0000	0.0002	1.0000
  236	45.90	0.0000	0.9586	0.9586	1.0000	0.0001	1.0000
  237	46.00	0.0000	0.9582	0.9586	1.0000	0.0004	1.0000
  238	45.50	0.0000	0.9585	0.9586	1.0000	0.0001	1.0000
  239	44.30	0.0000	0.9583	0.9583	1.0000	0.0000	1.0000
  240	44.30	0.0000	0.9578	0.9579	1.0000	0.0001	1.0000
  241	44.50	0.0000	0.9580	0.9582	1.0000	0.0002	1.0000
  242	44.90	0.0000	0.9583	0.9587	1.0000	0.0003	1.0000
  243	45.50	0.0000	0.9586	0.9588	1.0000	0.0001	1.0000
  244	45.50	0.0000	0.9592	0.9595	1.0000	0.0003	1.0000
  245	45.40	0.0000	0.9598	0.9598	1.0000	0.0001	1.0000
  246	45.30	0.0000	0.9599	0.9602	1.0000	0.0003	1.0000
  247	45.60	0.0000	0.9603	0.9603	1.0000	0.0000	1.0000
  248	45.40	0.0000	0.9604	0.9604	1.0000	-0.0000	1.0000
  249	45.80	0.0000	0.9601	0.9601	1.0000	0.0001	1.0000
  250	45.60	0.0000	0.9583	0.9586	1.0000	0.0003	1.0000
  251	44.80	0.0000	0.9595	0.9595	1.0000	0.0000	1.0000
  252	44.70	0.0000	0.9583	0.9585	1.0000	0.0002	1.0000
  253	44.00	0.0000	0.9576	0.9581	1.0000	0.0005	1.0000
  254	44.70	0.0000	0.9580	0.9582	1.0000	0.0001	1.0000
  255	45.20	0.0000	0.9579	0.9581	1.0000	0.0003	1.0000
  256	44.40	0.0000	0.9578	0.9580	1.0000	0.0002	1.0000
  257	44.90	0.0000	0.9571	0.9571	1.0000	-0.0001	1.0000
  258	45.40	0.0000	0.9566	0.9568	1.0000	0.0002	1.0000
  259	45.10	0.0000	0.9572	0.9574	1.0000	0.0002	1.0000
  260	44.90	0.0000	0.9565	0.9567	1.0000	0.0002	1.0000
  261	44.20	0.0000	0.9573	0.9574	1.0000	0.0002	1.0000
  262	44.30	0.0000	0.9568	0.9572	1.0000	0.0004	1.0000
  263	44.40	0.0000	0.9568	0.9569	1.0000	0.0002	1.0000
  264	44.40	0.0000	0.9562	0.9565	1.0000	0.0003	1.0000
  265	44.50	0.0000	0.9577	0.9577	1.0000	0.0001	1.0000
  266	44.70	0.0000	0.9573	0.9573	1.0000	-0.0000	1.0000
  267	44.20	0.0000	0.9588	0.9590	1.0000	0.0002	1.0000
  268	44.20	0.0000	0.9588	0.9591	1.0000	0.0002	1.0000
  269	44.40	0.0000	0.9589	0.9591	1.0000	0.0002	1.0000
  270	44.20	0.0000	0.9590	0.9593	1.0000	0.0002	1.0000
  271	44.20	0.0000	0.9590	0.9592	1.0000	0.0002	1.0000
  272	43.80	0.0000	0.9586	0.9586	1.0000	0.0001	1.0000
  273	43.50	0.0000	0.9574	0.9575	1.0000	0.0001	1.0000
  274	44.10	0.0000	0.9567	0.9571	1.0000	0.0005	1.0000
  275	44.00	0.0000	0.9555	0.9558	1.0000	0.0003	1.0000
  276	44.10	0.0000	0.9548	0.9549	1.0000	0.0001	1.0000
  277	43.80	0.0000	0.9533	0.9538	1.0000	0.0005	1.0000
  278	43.90	0.0000	0.9530	0.9533	1.0000	0.0003	1.0000
  279	44.10	0.0000	0.9540	0.9540	1.0000	-0.0001	1.0000
  280	43.90	0.0000	0.9539	0.9541	1.0000	0.0002	1.0000
  281	44.10	0.0000	0.9541	0.9541	1.0000	0.0001	1.0000
  282	44.20	0.0000	0.9528	0.9528	1.0000	0.0001	1.0000
  283	44.10	0.0000	0.9527	0.9528	1.0000	0.0001	1.0000
  284	42.80	0.0000	0.9532	0.9533	1.0000	0.0001	1.0000
  285	42.60	0.0000	0.9533	0.9533	1.0000	0.0000	1.0000
  286	42.00	0.0000	0.9531	0.9534	1.0000	0.0003	1.0000
  287	42.40	0.0000	0.9535	0.9536	1.0000	0.0001	1.0000
  288	42.50	0.0000	0.9530	0.9533	1.0000	0.0003	1.0000
  289	42.40	0.0000	0.9533	0.9536	1.0000	0.0002	1.0000
  290	42.40	0.0000	0.9531	0.9532	1.0000	0.0001	1.0000
  291	42.00	0.0000	0.9533	0.9535	1.0000	0.0002	1.0000
  292	42.50	0.0000	0.9523	0.9529	1.0000	0.0006	1.0000
  293	42.60	0.0000	0.9514	0.9515	1.0000	0.0001	1.0000
  294	42.60	0.0000	0.9497	0.9499	1.0000	0.0002	1.0000
  295	42.70	0.0000	0.9495	0.9496	1.0000	0.0001	1.0000
  296	42.80	0.0000	0.9487	0.9486	1.0000	-0.0000	1.0000
  297	42.40	0.0000	0.9483	0.9484	1.0000	0.0001	1.0000
  298	42.70	0.0000	0.9488	0.9490	1.0000	0.0002	1.0000
  299	41.80	0.0000	0.9484	0.9486	1.0000	0.0003	1.0000
  300	39.90	0.0000	0.9481	0.9481	1.0000	0.0000	1.0000
  301	40.20	0.0000	0.9486	0.9488	1.0000	0.0002	1.0000
  302	39.50	0.0000	0.9485	0.9484	1.0000	-0.0001	1.0000
  303	40.00	0.0000	0.9482	0.9484	1.0000	0.0001	1.0000
  304	40.60	0.0000	0.9481	0.9485	1.0000	0.0004	1.0000
  305	40.40	0.0000	0.9486	0.9487	1.0000	0.0001	1.0000
  306	40.30	0.0000	0.9479	0.9479	1.0000	0.0001	1.0000
  307	40.70	0.0000	0.9481	0.9482	1.0000	0.0001	1.0000
  308	40.90	0.0000	0.9471	0.9472	1.0000	0.0001	1.0000
  309	41.20	0.0000	0.9475	0.9476	1.0000	0.0001	1.0000
  310	41.40	0.0000	0.9460	0.9462	1.0000	0.0003	1.0000
  311	41.70	0.0000	0.9459	0.9459	1.0000	0.0001	1.0000
  312	40.30	0.0000	0.9455	0.9457	1.0000	0.0002	1.0000
  313	40.90	0.0000	0.9450	0.9452	1.0000	0.0002	1.0000
  314	40.80	0.0000	0.9455	0.9457	1.0000	0.0002	1.0000
  315	41.20	0.0000	0.9453	0.9454	1.0000	0.0001	1.0000
  316	40.50	0.0000	0.9447	0.9449	1.0000	0.0002	1.0000
  317	40.30	0.0000	0.9431	0.9434	1.0000	0.0003	1.0000
  318	40.20	0.0000	0.9448	0.9449	1.0000	0.0002	1.0000
  319	39.80	0.0000	0.9435	0.9436	1.0000	0.0002	1.0000
  320	39.80	0.0000	0.9418	0.9419	1.0000	0.0000	1.0000
  321	39.40	0.0000	0.9413	0.9416	1.0000	0.0003	1.0000
  322	40.00	0.0000	0.9402	0.9402	1.0000	-0.0000	1.0000
  323	39.60	0.0000	0.9395	0.9399	1.0000	0.0004	1.0000
  324	40.00	0.0000	0.9387	0.9389	1.0000	0.0002	1.0000
  325	38.70	0.0000	0.9386	0.9390	1.0000	0.0003	1.0000
  326	39.00	0.0000	0.9370	0.9372	1.0000	0.0002	1.0000
  327	39.00	0.0000	0.9378	0.9380	1.0000	0.0002	1.0000
  328	38.60	0.0000	0.9376	0.9377	1.0000	0.0000	1.0000
  329	39.00	0.0000	0.9363	0.9366	1.0000	0.0003	1.0000
  330	39.30	0.0000	0.9353	0.9356	1.0000	0.0003	1.0000
  331	39.10	0.0000	0.9349	0.9349	1.0000	-0.0000	1.0000
  332	39.20	0.0000	0.9346	0.9346	1.0000	0.0000	1.0000
  333	38.50	0.0000	0.9333	0.9331	1.0000	-0.0001	1.0000
  334	38.50	0.0000	0.9342	0.9341	1.0000	-0.0001	1.0000
  335	38.30	0.0000	0.9329	0.9329	1.0000	0.0000	1.0000
  336	38.30	0.0000	0.9316	0.9316	1.0000	-0.0000	1.0000
  337	38.30	0.0000	0.9292	0.9294	1.0000	0.0002	1.0000
  338	38.20	0.0000	0.9273	0.9275	1.0000	0.0002	1.0000
  339	37.20	0.0000	0.9238	0.9239	1.0000	0.0001	1.0000
  340	36.60	0.0000	0.9237	0.9238	1.0000	0.0001	1.0000
  341	36.80	0.0000	0.9225	0.9225	1.0000	0.0001	1.0000
  342	37.10	0.0000	0.9215	0.9216	1.0000	0.0000	1.0000
  343	36.70	0.0000	0.9195	0.9196	1.0000	0.0001	1.0000
  344	36.10	0.0000	0.9187	0.9189	1.0000	0.0002	1.0000
  345	36.40	0.0000	0.9177	0.9177	1.0000	-0.0000	1.0000
  346	35.60	0.0000	0.9171	0.9173	1.0000	0.0002	1.0000
  347	35.50	0.0000	0.9165	0.9166	1.0000	0.0001	1.0000
  348	35.20	0.0000	0.9208	0.9209	1.0000	0.0001	1.0000
  349	35.00	0.0000	0.9215	0.9216	1.0000	0.0001	1.0000
  350	34.90	0.0000	0.9210	0.9210	1.0000	-0.0000	1.0000
  351	34.90	0.0000	0.9193	0.9193	1.0000	-0.0000	1.0000
  352	34.70	0.0000	0.9200	0.9199	1.0000	-0.0001	1.0000
  353	34.90	0.0000	0.9196	0.9199	1.0000	0.0002	1.0000
  354	35.30	0.0000	0.9211	0.9213	1.0000	0.0002	1.0000
  355	34.70	0.0000	0.9221	0.9223	1.0000	0.0002	1.0000
  356	34.70	0.0000	0.9201	0.9202	1.0000	0.0001	1.0000
  357	35.00	0.0000	0.9200	0.9201	1.0000	0.0001	1.0000
  358	34.90	0.0000	0.9211	0.9212	1.0000	0.0001	1.0000
  359	34.90	0.0000	0.9229	0.9230	1.0000	0.0001	1.0000
  360	35.30	0.0000	0.9218	0.9221	1.0000	0.0003	1.0000
  361	34.90	0.0000	0.9219	0.9219	1.0000	0.0000	1.0000
  362	34.50	0.0000	0.9211	0.9212	1.0000	0.0002	1.0000
  363	34.80	0.0000	0.9218	0.9218	1.0000	0.0000	1.0000
  364	34.60	0.0000	0.9233	0.9235	1.0000	0.0002	1.0000
  365	34.60	0.0000	0.9211	0.9214	1.0000	0.0002	1.0000
  366	34.80	0.0000	0.9221	0.9223	1.0000	0.0002	1.0000
  367	35.30	0.0000	0.9214	0.9218	1.0000	0.0004	1.0000
  368	35.10	0.0000	0.9196	0.9197	1.0000	0.0001	1.0000
  369	35.30	0.0000	0.9218	0.9217	1.0000	-0.0001	1.0000
  370	35.30	0.0000	0.9208	0.9206	1.0000	-0.0001	1.0000
  371	35.50	0.0000	0.9193	0.9192	1.0000	-0.0001	1.0000
  372	35.60	0.0000	0.9189	0.9194	1.0000	0.0005	1.0000
  373	35.90	0.0000	0.9206	0.9206	1.0000	0.0000	1.0000
  374	35.80	0.0000	0.9226	0.9227	1.0000	0.0001	1.0000
  375	36.00	0.0000	0.9229	0.9230	1.0000	0.0001	1.0000
  376	35.60	0.0000	0.9234	0.9236	1.0000	0.0001	1.0000
  377	35.70	0.0000	0.9226	0.9227	1.0000	0.0001	1.0000
  378	35.70	0.0000	0.9212	0.9212	1.0000	-0.0001	1.0000
  379	35.70	0.0000	0.9202	0.9202	1.0000	0.0001	1.0000
  380	35.30	0.0000	0.9203	0.9202	1.0000	-0.0001	1.0000
  381	35.00	0.0000	0.9200	0.9201	1.0000	0.0001	1.0000
  382	34.90	0.0000	0.9222	0.9221	1.0000	-0.0002	1.0000
  383	34.40	0.0000	0.9248	0.9251	1.0000	0.0003	1.0000
  384	34.00	0.0000	0.9256	0.9258	1.0000	0.0002	1.0000
  385	34.10	0.0000	0.9232	0.9233	1.0000	0.0002	1.0000
  386	34.60	0.0000	0.9241	0.9240	1.0000	-0.0001	1.0000
  387	34.80	0.0000	0.9221	0.9221	1.0000	0.0000	1.0000
  388	34.70	0.0000	0.9192	0.9193	1.0000	0.0002	1.0000
  389	34.40	0.0000	0.9157	0.9158	1.0000	0.0001	1.0000
  390	34.60	0.0000	0.9124	0.9126	1.0000	0.0002	1.0000
  391	34.30	0.0000	0.9128	0.9129	1.0000	0.0000	1.0000
  392	33.40	0.0000	0.9121	0.9119	1.0000	-0.0003	1.0000
  393	33.20	0.0000	0.9114	0.9114	1.0000	-0.0000	1.0000
  394	33.10	0.0000	0.9102	0.9103	1.0000	0.0001	1.0000
  395	33.30	0.0000	0.9112	0.9111	1.0000	-0.0001	1.0000
  396	32.10	0.0000	0.9101	0.9100	1.0000	-0.0001	1.0000
  397	32.00	0.0000	0.9095	0.9096	1.0000	0.0001	1.0000
  398	32.50	0.0000	0.9108	0.9108	1.0000	0.0000	1.0000
  399	32.60	0.0000	0.9086	0.9089	1.0000	0.0003	1.0000
  400	33.30	0.0000	0.9067	0.9069	1.0000	0.0002	1.0000
  401	33.00	0.0000	0.9061	0.9062	1.0000	0.0001	1.0000
  402	33.20	0.0000	0.9038	0.9037	1.0000	-0.0001	1.0000
  403	33.80	0.0000	0.9038	0.9038	1.0000	-0.0000	1.0000
  404	33.20	0.0000	0.9058	0.9057	1.0000	-0.0001	1.0000
  405	32.90	0.0000	0.9080	0.9081	1.0000	0.0001	1.0000
  406	32.40	0.0000	0.9088	0.9090	1.0000	0.0002	1.0000
  407	32.10	0.0000	0.9080	0.9081	1.0000	0.0001	1.0000
  408	33.20	0.0000	0.9095	0.9095	1.0000	-0.0000	1.0000
  409	32.90	0.0000	0.9074	0.9074	1.0000	0.0000	1.0000
  410	32.70	0.0000	0.9058	0.9059	1.0000	0.0001	1.0000
  411	32.90	0.0000	0.9024	0.9026	1.0000	0.0001	1.0000
  412	33.60	0.0000	0.9053	0.9052	1.0000	-0.0001	1.0000
  413	33.50	0.0000	0.9072	0.9078	1.0000	0.0007	1.0000
  414	33.10	0.0000	0.9074	0.9076	1.0000	0.0002	1.0000
  415	32.00	0.0000	0.9069	0.9071	1.0000	0.0002	1.0000
  416	32.30	0.0000	0.9054	0.9053	1.0000	-0.0001	1.0000
  417	31.90	0.0000	0.9047	0.9046	1.0000	-0.0001	1.0000
  418	31.90	0.0000	0.9036	0.9042	1.0000	0.0006	1.0000
  419	31.90	0.0000	0.9062	0.9062	1.0000	-0.0000	1.0000
  420	32.10	0.0000	0.9048	0.9049	1.0000	0.0001	1.0000
  421	32.10	0.0000	0.9046	0.9043	1.0000	-0.0003	1.0000
  422	32.10	0.0000	0.9018	0.9018	1.0000	-0.0001	1.0000
  423	32.50	0.0000	0.9047	0.9047	1.0000	-0.0000	1.0000
  424	32.30	0.0000	0.9058	0.9060	1.0000	0.0002	1.0000
  425	30.90	0.0000	0.9047	0.9049	1.0000	0.0002	1.0000
  426	31.00	0.0000	0.9059	0.9059	1.0000	0.0001	1.0000
  427	29.10	0.0000	0.9027	0.9028	1.0000	0.0002	1.0000
  428	29.10	0.0000	0.9032	0.9032	1.0000	-0.0000	1.0000
  429	29.60	0.0000	0.9034	0.9036	1.0000	0.0002	1.0000
  430	29.50	0.0000	0.9007	0.9008	1.0000	0.0001	1.0000
  431	29.30	0.0000	0.9012	0.9012	1.0000	0.0000	1.0000
  432	29.70	0.0000	0.9002	0.9006	1.0000	0.0005	1.0000
  433	28.90	0.0000	0.8998	0.8999	1.0000	0.0001	1.0000
  434	29.10	0.0000	0.9005	0.9007	1.0000	0.0002	1.0000
  435	28.90	0.0000	0.9023	0.9027	1.0000	0.0004	1.0000
  436	28.50	0.0000	0.9017	0.9017	1.0000	-0.0001	1.0000
  437	28.30	0.0000	0.9035	0.9038	1.0000	0.0004	1.0000
  438	26.80	0.0000	0.9036	0.9041	1.0000	0.0005	1.0000
  439	26.80	0.0000	0.9028	0.9029	1.0000	0.0000	1.0000
  440	27.00	0.0000	0.9038	0.9039	1.0000	0.0002	1.0000
  441	26.90	0.0000	0.9015	0.9014	1.0000	-0.0001	1.0000
  442	27.40	0.0000	0.9009	0.9011	1.0000	0.0002	1.0000
  443	27.40	0.0000	0.9027	0.9031	1.0000	0.0005	1.0000
  444	27.90	0.0000	0.9010	0.9011	1.0000	0.0001	1.0000
  445	27.50	0.0000	0.9009	0.9009	1.0000	-0.0000	1.0000
  446	27.70	0.0000	0.9042	0.9040	1.0000	-0.0002	1.0000
  447	27.60	0.0000	0.9043	0.9043	1.0000	0.0000	1.0000
  448	27.70	0.0000	0.9028	0.9029	1.0000	0.0001	1.0000
  449	27.90	0.0000	0.9019	0.9026	1.0000	0.0007	1.0000
  450	27.70	0.0000	0.9000	0.9005	1.0000	0.0005	1.0000
  451	27.90	0.0000	0.8994	0.8997	1.0000	0.0004	1.0000
  452	27.60	0.0000	0.8980	0.8979	1.0000	-0.0002	1.0000
  453	27.60	0.0000	0.8996	0.8998	1.0000	0.0002	1.0000
  454	27.40	0.0000	0.9023	0.9023	1.0000	0.0000	1.0000
  455	27.00	0.0000	0.9039	0.9041	1.0000	0.0003	1.0000
  456	27.50	0.0000	0.9006	0.9007	1.0000	0.0001	1.0000
  457	27.30	0.0000	0.8999	0.9001	1.0000	0.0002	1.0000
  458	27.50	0.0000	0.8983	0.8982	1.0000	-0.0001	1.0000
  459	27.60	0.0000	0.8933	0.8938	1.0000	0.0005	1.0000
  460	27.80	0.0000	0.8954	0.8952	1.0000	-0.0003	1.0000
  461	28.00	0.0000	0.8942	0.8943	1.0000	0.0001	1.0000
  462	27.90	0.0000	0.8928	0.8930	1.0000	0.0002	1.0000
  463	27.50	0.0000	0.8889	0.8894	1.0000	0.0006	1.0000
  464	26.30	0.0000	0.8871	0.8873	1.0000	0.0002	1.0000
  465	26.30	0.0000	0.8829	0.8831	1.0000	0.0002	1.0000
  466	26.30	0.0000	0.8813	0.8814	1.0000	0.0002	1.0000
  467	26.40	0.0000	0.8803	0.8805	1.0000	0.0002	1.0000
  468	26.20	0.0000	0.8794	0.8792	1.0000	-0.0002	1.0000
  469	26.10	0.0000	0.8756	0.8757	1.0000	0.0001	1.0000
  470	25.80	0.0000	0.8778	0.8778	1.0000	0.0001	1.0000
  471	25.70	0.0000	0.8749	0.8748	1.0000	-0.0001	1.0000
  472	25.60	0.0000	0.8773	0.8773	1.0000	-0.0000	1.0000
  473	25.90	0.0000	0.8811	0.8810	1.0000	-0.0001	1.0000
  474	26.00	0.0000	0.8792	0.8793	1.0000	0.0000	1.0000
  475	26.60	0.0000	0.8769	0.8768	1.0000	-0.0001	1.0000
  476	26.30	0.0000	0.8790	0.8790	1.0000	-0.0000	1.0000
  477	26.30	0.0000	0.8785	0.8783	1.0000	-0.0002	1.0000
  478	26.60	0.0000	0.8781	0.8782	1.0000	0.0000	1.0000
  479	27.30	0.0000	0.8768	0.8771	1.0000	0.0004	1.0000
  480	27.50	0.0000	0.8796	0.8796	1.0000	-0.0000	1.0000
  481	26.90	0.0000	0.8818	0.8816	1.0000	-0.0002	1.0000
  482	26.30	0.0000	0.8786	0.8785	1.0000	-0.0000	1.0000
  483	26.50	0.0000	0.8782	0.8781	1.0000	-0.0000	1.0000
  484	26.10	0.0000	0.8776	0.8776	1.0000	0.0001	1.0000
  485	25.80	0.0000	0.8745	0.8746	1.0000	0.0001	1.0000
  486	26.00	0.0000	0.8768	0.8769	1.0000	0.0001	1.0000
  487	25.90	0.0000	0.8789	0.8789	1.0000	0.0000	1.0000
  488	25.60	0.0000	0.8772	0.8773	1.0000	0.0001	1.0000
  489	25.50	0.0000	0.8799	0.8800	1.0000	0.0001	1.0000
  490	25.30	0.0000	0.8827	0.8830	1.0000	0.0003	1.0000
  491	25.50	0.0000	0.8835	0.8837	1.0000	0.0003	1.0000
  492	25.90	0.0000	0.8823	0.8827	1.0000	0.0005	1.0000
  493	25.70	0.0000	0.8803	0.8803	1.0000	0.0000	1.0000
  494	25.80	0.0000	0.8796	0.8798	1.0000	0.0003	1.0000
  495	25.70	0.0000	0.8813	0.8813	1.0000	-0.0000	1.0000
  496	26.00	0.0000	0.8808	0.8808	1.0000	-0.0000	1.0000
  497	26.30	0.0000	0.8819	0.8819	1.0000	-0.0001	1.0000
  498	25.40	0.0000	0.8855	0.8854	1.0000	-0.0000	1.0000
  499	25.20	0.0000	0.8879	0.8881	1.0000	0.0003	1.0000
  500	25.40	0.0000	0.8873	0.8874	1.0000	0.0002	1.0000