    gen	allel	   Ho	   Hs	   Ht	  Fis	  Fst	  Fit
    1	955.50	0.0000	0.9980	0.9988	1.0000	0.0008	1.0000
    2	901.90	0.0000	0.9970	0.9986	1.0000	0.0016	1.0000
    3	846.50	0.0000	0.9961	0.9984	1.0000	0.0023	1.0000
    4	786.00	0.0000	0.9950	0.9982	1.0000	0.0032	1.0000
    5	732.50	0.0000	0.9939	0.9980	1.0000	0.0041	1.0000
    6	683.70	0.0000	0.9927	0.9978	1.0000	0.0051	1.0000
    7	646.70	0.0000	0.9918	0.9976	1.0000	0.0058	1.0000
    8	601.10	0.0000	0.9910	0.9974	1.0000	0.0065	1.0000
    9	574.10	0.0000	0.9897	0.9972	1.0000	0.0075	1.0000
   10	544.30	0.0000	0.9889	0.9970	1.0000	0.0081	1.0000
   11	516.30	0.0000	0.9879	0.9968	1.0000	0.0089	1.0000
   12	488.70	0.0000	0.9871	0.9966	1.0000	0.0096	1.0000
   13	465.30	0.0000	0.9857	0.9964	1.0000	0.0107	1.0000
   14	448.20	0.0000	0.9846	0.9962	1.0000	0.0116	1.0000
   15	427.70	0.0000	0.9840	0.9961	1.0000	0.0121	1.0000
   16	411.00	0.0000	0.9830	0.9959	1.0000	0.0129	1.0000
   17	392.50	0.0000	0.9823	0.9958	1.0000	0.0135	1.0000
   18	376.10	0.0000	0.9810	0.9955	1.0000	0.0145	1.0000
   19	361.90	0.0000	0.9795	0.9952	1.0000	0.0157	1.0000
   20	351.40	0.0000	0.9784	0.9950	1.0000	0.0167	1.0000
   21	338.30	0.0000	0.9783	0.9949	1.0000	0.0167	1.0000
   22	331.10	0.0000	0.9771	0.9947	1.0000	0.0177	1.0000
   23	319.60	0.0000	0.9768	0.9946	1.0000	0.0179	1.0000
   24	310.80	0.0000	0.9760	0.9945	1.0000	0.0186	1.0000
   25	302.30	0.0000	0.9746	0.9942	1.0000	0.0197	1.0000
   26	292.80	0.0000	0.9732	0.9939	1.0000	0.0208	1.0000
   27	288.40	0.0000	0.9731	0.9939	1.0000	0.0209	1.0000
   28	281.10	0.0000	0.9725	0.9938	1.0000	0.0214	1.0000
   29	269.60	0.0000	0.9714	0.9936	1.0000	0.0223	1.0000
   30	265.00	0.0000	0.9701	0.9933	1.0000	0.0233	1.0000
   31	258.00	0.0000	0.9688	0.9930	1.0000	0.0244	1.0000
   32	252.00	0.0000	0.9675	0.9928	1.0000	0.0254	1.0000
   33	244.40	0.0000	0.9663	0.9925	1.0000	0.0264	1.0000
   34	239.60	0.0000	0.9651	0.9923	1.0000	0.0274	1.0000
   35	231.90	0.0000	0.9633	0.9919	1.0000	0.0289	1.0000
   36	225.40	0.0000	0.9621	0.9917	1.0000	0.0299	1.0000
   37	217.30	0.0000	0.9611	0.9915	1.0000	0.0307	1.0000
   38	212.30	0.0000	0.9604	0.9914	1.0000	0.0312	1.0000
   39	204.30	0.0000	0.9594	0.9912	1.0000	0.0320	1.0000
   40	200.40	0.0000	0.9583	0.9910	1.0000	0.0330	1.0000
   41	199.20	0.0000	0.9579	0.9909	1.0000	0.0333	1.0000
   42	189.70	0.0000	0.9564	0.9907	1.0000	0.0346	1.0000
   43	185.30	0.0000	0.9549	0.9903	1.0000	0.0358	1.0000
   44	181.70	0.0000	0.9531	0.9900	1.0000	0.0372	1.0000
   45	179.50	0.0000	0.9524	0.9899	1.0000	0.0378	1.0000
   46	177.10	0.0000	0.9497	0.9893	1.0000	0.0400	1.0000
   47	173.10	0.0000	0.9478	0.9889	1.0000	0.0416	1.0000
   48	170.40	0.0000	0.9489	0.9892	1.0000	0.0407	1.0000
   49	164.90	0.0000	0.9480	0.9890	1.0000	0.0414	1.0000
   50	160.10	0.0000	0.9464	0.9887	1.0000	0.0428	1.0000
   51	158.30	0.0000	0.9454	0.9885	1.0000	0.0436	1.0000
   52	155.90	0.0000	0.9454	0.9885	1.0000	0.0435	1.0000
   53	150.40	0.0000	0.9447	0.9883	1.0000	0.0441	1.0000
   54	148.80	0.0000	0.9443	0.9882	1.0000	0.0444	1.0000
   55	144.70	0.0000	0.9425	0.9878	1.0000	0.0459	1.0000
   56	143.10	0.0000	0.9400	0.9874	1.0000	0.0479	1.0000
   57	141.70	0.0000	0.9403	0.9874	1.0000	0.0478	1.0000
   58	140.60	0.0000	0.9403	0.9874	1.0000	0.0477	1.0000
   59	140.10	0.0000	0.9386	0.9871	1.0000	0.0491	1.0000
   60	138.50	0.0000	0.9360	0.9866	1.0000	0.0513	1.0000
   61	138.50	0.0000	0.9345	0.9863	1.0000	0.0525	1.0000
   62	135.60	0.0000	0.9322	0.9858	1.0000	0.0544	1.0000
   63	135.10	0.0000	0.9318	0.9857	1.0000	0.0547	1.0000
   64	134.30	0.0000	0.9332	0.9860	1.0000	0.0535	1.0000
   65	132.10	0.0000	0.9331	0.9860	1.0000	0.0537	1.0000
   66	131.80	0.0000	0.9310	0.9856	1.0000	0.0554	1.0000
   67	129.50	0.0000	0.9293	0.9852	1.0000	0.0568	1.0000
   68	127.90	0.0000	0.9273	0.9848	1.0000	0.0584	1.0000
   69	126.10	0.0000	0.9278	0.9849	1.0000	0.0580	1.0000
   70	123.70	0.0000	0.9293	0.9852	1.0000	0.0568	1.0000
   71	123.10	0.0000	0.9286	0.9851	1.0000	0.0574	1.0000
   72	121.20	0.0000	0.9287	0.9851	1.0000	0.0572	1.0000
   73	117.80	0.0000	0.9268	0.9848	1.0000	0.0589	1.0000
   74	116.40	0.0000	0.9236	0.9841	1.0000	0.0615	1.0000
   75	115.40	0.0000	0.9232	0.9840	1.0000	0.0618	1.0000
   76	115.50	0.0000	0.9228	0.9839	1.0000	0.0622	1.0000
   77	114.30	0.0000	0.9190	0.9832	1.0000	0.0652	1.0000
   78	113.90	0.0000	0.9171	0.9828	1.0000	0.0668	1.0000
   79	114.00	0.0000	0.9173	0.9828	1.0000	0.0667	1.0000
   80	112.10	0.0000	0.9174	0.9829	1.0000	0.0666	1.0000
   81	111.20	0.0000	0.9192	0.9833	1.0000	0.0652	1.0000
   82	111.20	0.0000	0.9169	0.9828	1.0000	0.0671	1.0000
   83	111.10	0.0000	0.9176	0.9829	1.0000	0.0664	1.0000
   84	110.30	0.0000	0.9160	0.9826	1.0000	0.0677	1.0000
   85	107.70	0.0000	0.9169	0.9828	1.0000	0.0670	1.0000
   86	106.70	0.0000	0.9157	0.9825	1.0000	0.0680	1.0000
   87	107.00	0.0000	0.9150	0.9824	1.0000	0.0686	1.0000
   88	104.50	0.0000	0.9173	0.9828	1.0000	0.0667	1.0000
   89	102.80	0.0000	0.9185	0.9831	1.0000	0.0657	1.0000
   90	103.00	0.0000	0.9200	0.9834	1.0000	0.0645	1.0000
   91	102.40	0.0000	0.9175	0.9829	1.0000	0.0666	1.0000
   92	98.50	0.0000	0.9195	0.9833	1.0000	0.0649	1.0000
   93	98.70	0.0000	0.9202	0.9834	1.0000	0.0643	1.0000
   94	98.70	0.0000	0.9191	0.9833	1.0000	0.0652	1.0000
   95	98.90	0.0000	0.9187	0.9831	1.0000	0.0655	1.0000
   96	99.10	0.0000	0.9164	0.9827	1.0000	0.0674	1.0000
   97	99.10	0.0000	0.9150	0.9824	1.0000	0.0686	1.0000
   98	97.60	0.0000	0.9133	0.9820	1.0000	0.0700	1.0000
   99	97.20	0.0000	0.9099	0.9814	1.0000	0.0729	1.0000
  100	96.50	0.0000	0.9091	0.9812	1.0000	0.0735	1.0000
  101	96.10	0.0000	0.9088	0.9811	1.0000	0.0737	1.0000
  102	93.50	0.0000	0.9063	0.9806	1.0000	0.0758	1.0000
  103	93.00	0.0000	0.9038	0.9801	1.0000	0.0779	1.0000
  104	92.80	0.0000	0.9061	0.9805	1.0000	0.0759	1.0000
  105	92.80	0.0000	0.9066	0.9807	1.0000	0.0755	1.0000
  106	91.00	0.0000	0.9050	0.9804	1.0000	0.0770	1.0000
  107	91.10	0.0000	0.9048	0.9804	1.0000	0.0771	1.0000
  108	90.70	0.0000	0.9012	0.9797	1.0000	0.0801	1.0000
  109	88.90	0.0000	0.8997	0.9793	1.0000	0.0813	1.0000
  110	88.80	0.0000	0.8981	0.9790	1.0000	0.0827	1.0000
  111	88.20	0.0000	0.8998	0.9794	1.0000	0.0813	1.0000
  112	87.20	0.0000	0.9010	0.9797	1.0000	0.0803	1.0000
  113	86.00	0.0000	0.8987	0.9792	1.0000	0.0823	1.0000
  114	85.00	0.0000	0.8991	0.9793	1.0000	0.0820	1.0000
  115	83.90	0.0000	0.8975	0.9790	1.0000	0.0832	1.0000
  116	83.30	0.0000	0.8952	0.9785	1.0000	0.0852	1.0000
  117	82.60	0.0000	0.8917	0.9778	1.0000	0.0881	1.0000
  118	79.90	0.0000	0.8911	0.9778	1.0000	0.0887	1.0000
  119	79.20	0.0000	0.8880	0.9772	1.0000	0.0912	1.0000
  120	79.50	0.0000	0.8858	0.9767	1.0000	0.0930	1.0000
  121	77.70	0.0000	0.8836	0.9763	1.0000	0.0949	1.0000
  122	75.60	0.0000	0.8831	0.9761	1.0000	0.0953	1.0000
  123	75.40	0.0000	0.8786	0.9752	1.0000	0.0991	1.0000
  124	74.20	0.0000	0.8778	0.9750	1.0000	0.0998	1.0000
  125	73.90	0.0000	0.8766	0.9748	1.0000	0.1008	1.0000
  126	73.20	0.0000	0.8751	0.9746	1.0000	0.1021	1.0000
  127	69.10	0.0000	0.8762	0.9748	1.0000	0.1011	1.0000
  128	68.40	0.0000	0.8750	0.9746	1.0000	0.1021	1.0000
  129	68.50	0.0000	0.8720	0.9739	1.0000	0.1047	1.0000
  130	68.40	0.0000	0.8704	0.9737	1.0000	0.1061	1.0000
  131	68.10	0.0000	0.8668	0.9730	1.0000	0.1091	1.0000
  132	68.40	0.0000	0.8671	0.9730	1.0000	0.1089	1.0000
  133	67.60	0.0000	0.8649	0.9726	1.0000	0.1107	1.0000
  134	66.60	0.0000	0.8682	0.9733	1.0000	0.1080	1.0000
  135	65.60	0.0000	0.8674	0.9731	1.0000	0.1087	1.0000
  136	64.50	0.0000	0.8636	0.9724	1.0000	0.1118	1.0000
  137	64.20	0.0000	0.8667	0.9730	1.0000	0.1093	1.0000
  138	64.10	0.0000	0.8647	0.9726	1.0000	0.1110	1.0000
  139	64.00	0.0000	0.8659	0.9728	1.0000	0.1099	1.0000
  140	64.00	0.0000	0.8649	0.9726	1.0000	0.1108	1.0000
  141	62.90	0.0000	0.8675	0.9732	1.0000	0.1086	1.0000
  142	63.30	0.0000	0.8695	0.9736	1.0000	0.1070	1.0000
  143	63.50	0.0000	0.8708	0.9739	1.0000	0.1058	1.0000
  144	63.80	0.0000	0.8711	0.9739	1.0000	0.1056	1.0000
  145	62.40	0.0000	0.8705	0.9738	1.0000	0.1061	1.0000
  146	62.30	0.0000	0.8696	0.9737	1.0000	0.1069	1.0000
  147	61.00	0.0000	0.8682	0.9734	1.0000	0.1081	1.0000
  148	61.10	0.0000	0.8660	0.9729	1.0000	0.1099	1.0000
  149	59.80	0.0000	0.8663	0.9730	1.0000	0.1097	1.0000
  150	59.50	0.0000	0.8655	0.9728	1.0000	0.1103	1.0000
  151	59.70	0.0000	0.8607	0.9719	1.0000	0.1144	1.0000
  152	59.80	0.0000	0.8613	0.9720	1.0000	0.1139	1.0000
  153	59.30	0.0000	0.8603	0.9718	1.0000	0.1147	1.0000
  154	59.70	0.0000	0.8596	0.9716	1.0000	0.1153	1.0000
  155	59.80	0.0000	0.8617	0.9721	1.0000	0.1135	1.0000
  156	59.60	0.0000	0.8630	0.9724	1.0000	0.1124	1.0000
  157	59.20	0.0000	0.8613	0.9720	1.0000	0.1139	1.0000
  158	59.20	0.0000	0.8598	0.9717	1.0000	0.1152	1.0000
  159	58.80	0.0000	0.8595	0.9716	1.0000	0.1154	1.0000
  160	58.80	0.0000	0.8575	0.9712	1.0000	0.1171	1.0000
  161	58.90	0.0000	0.8553	0.9708	1.0000	0.1190	1.0000
  162	59.10	0.0000	0.8499	0.9698	1.0000	0.1236	1.0000
  163	59.20	0.0000	0.8478	0.9693	1.0000	0.1254	1.0000
  164	58.90	0.0000	0.8462	0.9690	1.0000	0.1267	1.0000
  165	59.00	0.0000	0.8465	0.9691	1.0000	0.1265	1.0000
  166	59.00	0.0000	0.8514	0.9701	1.0000	0.1224	1.0000
  167	59.60	0.0000	0.8526	0.9703	1.0000	0.1213	1.0000
  168	59.60	0.0000	0.8521	0.9702	1.0000	0.1217	1.0000
  169	59.00	0.0000	0.8507	0.9699	1.0000	0.1229	1.0000
  170	58.70	0.0000	0.8496	0.9697	1.0000	0.1238	1.0000
  171	59.00	0.0000	0.8505	0.9699	1.0000	0.1231	1.0000
  172	59.10	0.0000	0.8485	0.9695	1.0000	0.1248	1.0000
  173	58.90	0.0000	0.8481	0.9694	1.0000	0.1252	1.0000
  174	59.00	0.0000	0.8492	0.9696	1.0000	0.1242	1.0000
  175	57.60	0.0000	0.8459	0.9689	1.0000	0.1270	1.0000
  176	56.70	0.0000	0.8425	0.9683	1.0000	0.1298	1.0000
  177	56.70	0.0000	0.8457	0.9689	1.0000	0.1271	1.0000
  178	54.70	0.0000	0.8438	0.9685	1.0000	0.1288	1.0000
  179	55.00	0.0000	0.8439	0.9685	1.0000	0.1287	1.0000
  180	55.20	0.0000	0.8442	0.9686	1.0000	0.1284	1.0000
  181	54.80	0.0000	0.8455	0.9688	1.0000	0.1273	1.0000
  182	55.30	0.0000	0.8432	0.9684	1.0000	0.1293	1.0000
  183	55.50	0.0000	0.8416	0.9681	1.0000	0.1306	1.0000
  184	55.70	0.0000	0.8425	0.9682	1.0000	0.1299	1.0000
  185	55.30	0.0000	0.8437	0.9685	1.0000	0.1289	1.0000
  186	55.30	0.0000	0.8460	0.9689	1.0000	0.1269	1.0000
  187	55.10	0.0000	0.8442	0.9685	1.0000	0.1283	1.0000
  188	55.30	0.0000	0.8431	0.9683	1.0000	0.1293	1.0000
  189	54.90	0.0000	0.8437	0.9684	1.0000	0.1288	1.0000
  190	55.30	0.0000	0.8439	0.9685	1.0000	0.1286	1.0000
  191	54.70	0.0000	0.8466	0.9690	1.0000	0.1263	1.0000
  192	55.00	0.0000	0.8434	0.9684	1.0000	0.1290	1.0000
  193	53.60	0.0000	0.8436	0.9685	1.0000	0.1290	1.0000
  194	53.90	0.0000	0.8409	0.9679	1.0000	0.1312	1.0000
  195	52.60	0.0000	0.8380	0.9674	1.0000	0.1338	1.0000
  196	51.40	0.0000	0.8340	0.9666	1.0000	0.1372	1.0000
  197	51.70	0.0000	0.8327	0.9664	1.0000	0.1383	1.0000
  198	50.10	0.0000	0.8319	0.9662	1.0000	0.1390	1.0000
  199	49.60	0.0000	0.8350	0.9668	1.0000	0.1364	1.0000
  200	48.70	0.0000	0.8357	0.9670	1.0000	0.1358	1.0000
  201	48.70	0.0000	0.8332	0.9665	1.0000	0.1380	1.0000
  202	48.90	0.0000	0.8287	0.9656	1.0000	0.1418	1.0000
  203	49.00	0.0000	0.8250	0.9649	1.0000	0.1450	1.0000
  204	48.80	0.0000	0.8251	0.9649	1.0000	0.1448	1.0000
  205	49.30	0.0000	0.8249	0.9649	1.0000	0.1451	1.0000
  206	49.30	0.0000	0.8215	0.9642	1.0000	0.1480	1.0000
  207	48.60	0.0000	0.8212	0.9641	1.0000	0.1483	1.0000
  208	48.90	0.0000	0.8222	0.9643	1.0000	0.1474	1.0000
  209	49.10	0.0000	0.8193	0.9638	1.0000	0.1499	1.0000
  210	48.80	0.0000	0.8167	0.9632	1.0000	0.1522	1.0000
  211	48.60	0.0000	0.8143	0.9627	1.0000	0.1541	1.0000
  212	48.80	0.0000	0.8153	0.9630	1.0000	0.1533	1.0000
  213	49.40	0.0000	0.8147	0.9628	1.0000	0.1539	1.0000
  214	49.10	0.0000	0.8152	0.9629	1.0000	0.1534	1.0000
  215	48.70	0.0000	0.8158	0.9631	1.0000	0.1529	1.0000
  216	48.20	0.0000	0.8133	0.9626	1.0000	0.1551	1.0000
  217	48.20	0.0000	0.8140	0.9627	1.0000	0.1544	1.0000
  218	47.90	0.0000	0.8175	0.9634	1.0000	0.1514	1.0000
  219	48.00	0.0000	0.8156	0.9630	1.0000	0.1530	1.0000
  220	48.20	0.0000	0.8174	0.9634	1.0000	0.1515	1.0000
  221	47.40	0.0000	0.8151	0.9629	1.0000	0.1535	1.0000
  222	47.30	0.0000	0.8116	0.9622	1.0000	0.1566	1.0000
  223	47.40	0.0000	0.8106	0.9621	1.0000	0.1574	1.0000
  224	46.70	0.0000	0.8121	0.9624	1.0000	0.1561	1.0000
  225	46.70	0.0000	0.8119	0.9623	1.0000	0.1563	1.0000
  226	46.40	0.0000	0.8094	0.9618	1.0000	0.1584	1.0000
  227	46.50	0.0000	0.8046	0.9609	1.0000	0.1626	1.0000
  228	46.70	0.0000	0.8053	0.9610	1.0000	0.1621	1.0000
  229	46.80	0.0000	0.8045	0.9609	1.0000	0.1627	1.0000
  230	46.70	0.0000	0.8069	0.9613	1.0000	0.1607	1.0000
  231	46.40	0.0000	0.8073	0.9614	1.0000	0.1603	1.0000
  232	45.50	0.0000	0.8056	0.9611	1.0000	0.1618	1.0000
  233	45.30	0.0000	0.8099	0.9619	1.0000	0.1580	1.0000
  234	45.10	0.0000	0.8126	0.9625	1.0000	0.1557	1.0000
  235	45.70	0.0000	0.8143	0.9628	1.0000	0.1543	1.0000
  236	45.40	0.0000	0.8152	0.9630	1.0000	0.1535	1.0000
  237	45.60	0.0000	0.8164	0.9633	1.0000	0.1525	1.0000
  238	45.70	0.0000	0.8165	0.9633	1.0000	0.1523	1.0000
  239	45.30	0.0000	0.8146	0.9629	1.0000	0.1540	1.0000
  240	45.60	0.0000	0.8194	0.9639	1.0000	0.1499	1.0000
  241	45.30	0.0000	0.8167	0.9633	1.0000	0.1522	1.0000
  242	43.80	0.0000	0.8150	0.9630	1.0000	0.1537	1.0000
  243	43.80	0.0000	0.8131	0.9626	1.0000	0.1553	1.0000
  244	43.70	0.0000	0.8148	0.9630	1.0000	0.1539	1.0000
  245	42.30	0.0000	0.8187	0.9637	1.0000	0.1505	1.0000
  246	42.30	0.0000	0.8184	0.9637	1.0000	0.1507	1.0000
  247	42.90	0.0000	0.8150	0.9630	1.0000	0.1537	1.0000
  248	42.60	0.0000	0.8165	0.9633	1.0000	0.1524	1.0000
  249	42.90	0.0000	0.8176	0.9635	1.0000	0.1514	1.0000
  250	41.70	0.0000	0.8168	0.9634	1.0000	0.1522	1.0000
  251	42.20	0.0000	0.8172	0.9634	1.0000	0.1518	1.0000
  252	42.20	0.0000	0.8188	0.9638	1.0000	0.1504	1.0000
  253	42.30	0.0000	0.8168	0.9633	1.0000	0.1521	1.0000
  254	42.30	0.0000	0.8144	0.9629	1.0000	0.1542	1.0000
  255	42.40	0.0000	0.8141	0.9628	1.0000	0.1544	1.0000
  256	42.80	0.0000	0.8128	0.9626	1.0000	0.1555	1.0000
  257	43.20	0.0000	0.8113	0.9623	1.0000	0.1568	1.0000
  258	42.70	0.0000	0.8132	0.9626	1.0000	0.1553	1.0000
  259	42.10	0.0000	0.8149	0.9630	1.0000	0.1537	1.0000
  260	42.00	0.0000	0.8159	0.9632	1.0000	0.1529	1.0000
  261	41.90	0.0000	0.8152	0.9630	1.0000	0.1535	1.0000
  262	41.80	0.0000	0.8122	0.9624	1.0000	0.1561	1.0000
  263	40.60	0.0000	0.8143	0.9628	1.0000	0.1543	1.0000
  264	40.90	0.0000	0.8150	0.9630	1.0000	0.1537	1.0000
  265	40.90	0.0000	0.8131	0.9626	1.0000	0.1553	1.0000
  266	41.30	0.0000	0.8084	0.9616	1.0000	0.1594	1.0000
  267	41.40	0.0000	0.8029	0.9605	1.0000	0.1641	1.0000
  268	41.50	0.0000	0.8003	0.9600	1.0000	0.1664	1.0000
  269	41.40	0.0000	0.7946	0.9589	1.0000	0.1714	1.0000
  270	41.60	0.0000	0.7838	0.9567	1.0000	0.1807	1.0000
  271	41.20	0.0000	0.7800	0.9560	1.0000	0.1840	1.0000
  272	40.80	0.0000	0.7771	0.9554	1.0000	0.1866	1.0000
  273	40.80	0.0000	0.7750	0.9550	1.0000	0.1885	1.0000
  274	41.30	0.0000	0.7728	0.9545	1.0000	0.1904	1.0000
  275	41.20	0.0000	0.7671	0.9534	1.0000	0.1955	1.0000
  276	39.90	0.0000	0.7693	0.9539	1.0000	0.1935	1.0000
  277	40.40	0.0000	0.7703	0.9541	1.0000	0.1926	1.0000
  278	40.80	0.0000	0.7661	0.9532	1.0000	0.1963	1.0000
  279	40.60	0.0000	0.7629	0.9526	1.0000	0.1991	1.0000
  280	40.80	0.0000	0.7596	0.9519	1.0000	0.2020	1.0000
  281	40.70	0.0000	0.7588	0.9517	1.0000	0.2028	1.0000
  282	40.10	0.0000	0.7591	0.9518	1.0000	0.2025	1.0000
  283	39.50	0.0000	0.7620	0.9524	1.0000	0.1999	1.0000
  284	39.80	0.0000	0.7634	0.9527	1.0000	0.1987	1.0000
  285	39.70	0.0000	0.7620	0.9524	1.0000	0.1999	1.0000
  286	39.70	0.0000	0.7607	0.9521	1.0000	0.2011	1.0000
  287	40.10	0.0000	0.7594	0.9519	1.0000	0.2022	1.0000
  288	40.30	0.0000	0.7568	0.9514	1.0000	0.2045	1.0000
  289	40.10	0.0000	0.7550	0.9510	1.0000	0.2061	1.0000
  290	40.80	0.0000	0.7495	0.9499	1.0000	0.2110	1.0000
  291	39.80	0.0000	0.7494	0.9499	1.0000	0.2111	1.0000
  292	39.90	0.0000	0.7548	0.9510	1.0000	0.2062	1.0000
  293	39.80	0.0000	0.7534	0.9507	1.0000	0.2075	1.0000
  294	40.30	0.0000	0.7498	0.9499	1.0000	0.2107	1.0000
  295	40.10	0.0000	0.7492	0.9498	1.0000	0.2112	1.0000
  296	39.70	0.0000	0.7495	0.9499	1.0000	0.2109	1.0000
  297	39.70	0.0000	0.7467	0.9493	1.0000	0.2135	1.0000
  298	39.80	0.0000	0.7496	0.9499	1.0000	0.2108	1.0000
  299	40.00	0.0000	0.7511	0.9502	1.0000	0.2095	1.0000
  300	39.50	0.0000	0.7517	0.9503	1.0000	0.2090	1.0000
  301	39.60	0.0000	0.7497	0.9499	1.0000	0.2108	1.0000
  302	39.50	0.0000	0.7500	0.9500	1.0000	0.2105	1.0000
  303	39.50	0.0000	0.7469	0.9494	1.0000	0.2132	1.0000
  304	39.30	0.0000	0.7543	0.9508	1.0000	0.2067	1.0000
  305	39.10	0.0000	0.7555	0.9511	1.0000	0.2056	1.0000
  306	39.30	0.0000	0.7502	0.9500	1.0000	0.2103	1.0000
  307	39.40	0.0000	0.7547	0.9509	1.0000	0.2063	1.0000
  308	39.00	0.0000	0.7528	0.9505	1.0000	0.2080	1.0000
  309	38.90	0.0000	0.7561	0.9512	1.0000	0.2051	1.0000
  310	39.10	0.0000	0.7587	0.9517	1.0000	0.2028	1.0000
  311	39.10	0.0000	0.7593	0.9518	1.0000	0.2023	1.0000
  312	39.10	0.0000	0.7607	0.9521	1.0000	0.2011	1.0000
  313	39.00	0.0000	0.7583	0.9516	1.0000	0.2032	1.0000
  314	39.50	0.0000	0.7626	0.9525	1.0000	0.1994	1.0000
  315	38.30	0.0000	0.7617	0.9523	1.0000	0.2002	1.0000
  316	38.50	0.0000	0.7603	0.9520	1.0000	0.2014	1.0000
  317	38.50	0.0000	0.7655	0.9531	1.0000	0.1969	1.0000
  318	38.10	0.0000	0.7693	0.9539	1.0000	0.1934	1.0000
  319	38.80	0.0000	0.7656	0.9531	1.0000	0.1967	1.0000
  320	38.50	0.0000	0.7634	0.9527	1.0000	0.1986	1.0000
  321	38.00	0.0000	0.7630	0.9526	1.0000	0.1990	1.0000
  322	37.10	0.0000	0.7645	0.9529	1.0000	0.1977	1.0000
  323	37.00	0.0000	0.7645	0.9529	1.0000	0.1977	1.0000
  324	37.00	0.0000	0.7600	0.9520	1.0000	0.2017	1.0000
  325	36.90	0.0000	0.7597	0.9519	1.0000	0.2020	1.0000
  326	36.70	0.0000	0.7621	0.9524	1.0000	0.1999	1.0000
  327	37.00	0.0000	0.7673	0.9535	1.0000	0.1952	1.0000
  328	37.20	0.0000	0.7632	0.9526	1.0000	0.1989	1.0000
  329	37.40	0.0000	0.7657	0.9531	1.0000	0.1966	1.0000
  330	37.30	0.0000	0.7672	0.9534	1.0000	0.1954	1.0000
  331	36.80	0.0000	0.7689	0.9538	1.0000	0.1938	1.0000
  332	37.00	0.0000	0.7697	0.9539	1.0000	0.1932	1.0000
  333	36.70	0.0000	0.7673	0.9535	1.0000	0.1952	1.0000
  334	36.40	0.0000	0.7644	0.9528	1.0000	0.1978	1.0000
  335	36.60	0.0000	0.7603	0.9520	1.0000	0.2014	1.0000
  336	36.50	0.0000	0.7602	0.9520	1.0000	0.2014	1.0000
  337	36.00	0.0000	0.7581	0.9516	1.0000	0.2034	1.0000
  338	35.90	0.0000	0.7612	0.9522	1.0000	0.2006	1.0000
  339	34.90	0.0000	0.7565	0.9513	1.0000	0.2047	1.0000
  340	35.20	0.0000	0.7618	0.9523	1.0000	0.2001	1.0000
  341	35.20	0.0000	0.7601	0.9520	1.0000	0.2016	1.0000
  342	35.50	0.0000	0.7597	0.9519	1.0000	0.2019	1.0000
  343	36.10	0.0000	0.7630	0.9526	1.0000	0.1991	1.0000
  344	36.10	0.0000	0.7622	0.9524	1.0000	0.1998	1.0000
  345	35.30	0.0000	0.7642	0.9528	1.0000	0.1980	1.0000
  346	35.60	0.0000	0.7619	0.9524	1.0000	0.2000	1.0000
  347	35.70	0.0000	0.7657	0.9531	1.0000	0.1966	1.0000
  348	35.40	0.0000	0.7672	0.9534	1.0000	0.1953	1.0000
  349	35.10	0.0000	0.7642	0.9528	1.0000	0.1979	1.0000
  350	34.90	0.0000	0.7644	0.9529	1.0000	0.1978	1.0000
  351	34.80	0.0000	0.7639	0.9528	1.0000	0.1983	1.0000
  352	34.90	0.0000	0.7610	0.9522	1.0000	0.2008	1.0000
  353	34.60	0.0000	0.7591	0.9518	1.0000	0.2025	1.0000
  354	35.00	0.0000	0.7604	0.9521	1.0000	0.2013	1.0000
  355	34.60	0.0000	0.7550	0.9510	1.0000	0.2061	1.0000
  356	34.70	0.0000	0.7532	0.9506	1.0000	0.2077	1.0000
  357	34.80	0.0000	0.7540	0.9508	1.0000	0.2070	1.0000
  358	34.40	0.0000	0.7500	0.9500	1.0000	0.2105	1.0000
  359	34.80	0.0000	0.7466	0.9493	1.0000	0.2135	1.0000
  360	34.60	0.0000	0.7422	0.9484	1.0000	0.2175	1.0000
  361	35.20	0.0000	0.7423	0.9485	1.0000	0.2174	1.0000
  362	35.10	0.0000	0.7428	0.9486	1.0000	0.2169	1.0000
  363	35.00	0.0000	0.7444	0.9489	1.0000	0.2155	1.0000
  364	35.10	0.0000	0.7462	0.9492	1.0000	0.2139	1.0000
  365	35.10	0.0000	0.7482	0.9496	1.0000	0.2121	1.0000
  366	35.50	0.0000	0.7451	0.9490	1.0000	0.2149	1.0000
  367	35.40	0.0000	0.7461	0.9492	1.0000	0.2140	1.0000
  368	35.20	0.0000	0.7394	0.9479	1.0000	0.2200	1.0000
  369	35.00	0.0000	0.7375	0.9475	1.0000	0.2216	1.0000
  370	34.00	0.0000	0.7388	0.9478	1.0000	0.2205	1.0000
  371	34.50	0.0000	0.7378	0.9476	1.0000	0.2214	1.0000
  372	33.90	0.0000	0.7296	0.9459	1.0000	0.2287	1.0000
  373	34.00	0.0000	0.7287	0.9457	1.0000	0.2295	1.0000
  374	33.60	0.0000	0.7285	0.9457	1.0000	0.2297	1.0000
  375	34.90	0.0000	0.7307	0.9461	1.0000	0.2277	1.0000
  376	33.90	0.0000	0.7347	0.9469	1.0000	0.2241	1.0000
  377	34.10	0.0000	0.7274	0.9455	1.0000	0.2307	1.0000
  378	34.00	0.0000	0.7268	0.9454	1.0000	0.2312	1.0000
  379	34.20	0.0000	0.7239	0.9448	1.0000	0.2338	1.0000
  380	34.00	0.0000	0.7235	0.9447	1.0000	0.2341	1.0000
  381	34.10	0.0000	0.7244	0.9449	1.0000	0.2334	1.0000
  382	33.90	0.0000	0.7244	0.9449	1.0000	0.2333	1.0000
  383	34.00	0.0000	0.7177	0.9435	1.0000	0.2393	1.0000
  384	34.30	0.0000	0.7159	0.9432	1.0000	0.2410	1.0000
  385	34.80	0.0000	0.7149	0.9430	1.0000	0.2419	1.0000
  386	34.70	0.0000	0.7094	0.9419	1.0000	0.2468	1.0000
  387	34.60	0.0000	0.7107	0.9421	1.0000	0.2456	1.0000
  388	34.00	0.0000	0.7042	0.9408	1.0000	0.2515	1.0000
  389	34.20	0.0000	0.7091	0.9418	1.0000	0.2471	1.0000
  390	34.00	0.0000	0.7108	0.9422	1.0000	0.2456	1.0000
  391	34.00	0.0000	0.7150	0.9430	1.0000	0.2418	1.0000
  392	34.30	0.0000	0.7118	0.9424	1.0000	0.2447	1.0000
  393	34.40	0.0000	0.7081	0.9416	1.0000	0.2480	1.0000
  394	33.60	0.0000	0.7145	0.9429	1.0000	0.2422	1.0000
  395	33.90	0.0000	0.7134	0.9427	1.0000	0.2432	1.0000
  396	33.80	0.0000	0.7127	0.9425	1.0000	0.2438	1.0000
  397	34.00	0.0000	0.7066	0.9413	1.0000	0.2493	1.0000
  398	34.00	0.0000	0.7079	0.9416	1.0000	0.2481	1.0000
  399	33.80	0.0000	0.7111	0.9422	1.0000	0.2453	1.0000
  400	34.10	0.0000	0.7082	0.9416	1.0000	0.2479	1.0000
  401	33.90	0.0000	0.7032	0.9406	1.0000	0.2524	1.0000
  402	33.30	0.0000	0.6976	0.9395	1.0000	0.2575	1.0000
  403	33.80	0.0000	0.6994	0.9399	1.0000	0.2559	1.0000
  404	33.40	0.0000	0.6971	0.9394	1.0000	0.2580	1.0000
  405	33.00	0.0000	0.6992	0.9398	1.0000	0.2560	1.0000
  406	32.20	0.0000	0.6995	0.9399	1.0000	0.2558	1.0000
  407	32.20	0.0000	0.6966	0.9393	1.0000	0.2584	1.0000
  408	31.50	0.0000	0.6925	0.9385	1.0000	0.2621	1.0000
  409	31.70	0.0000	0.6821	0.9364	1.0000	0.2716	1.0000
  410	31.90	0.0000	0.6792	0.9358	1.0000	0.2742	1.0000
  411	32.00	0.0000	0.6756	0.9351	1.0000	0.2775	1.0000
  412	31.60	0.0000	0.6777	0.9355	1.0000	0.2756	1.0000
  413	30.80	0.0000	0.6816	0.9363	1.0000	0.2721	1.0000
  414	30.90	0.0000	0.6771	0.9354	1.0000	0.2762	1.0000
  415	31.10	0.0000	0.6709	0.9342	1.0000	0.2818	1.0000
  416	30.70	0.0000	0.6700	0.9340	1.0000	0.2826	1.0000
  417	30.80	0.0000	0.6771	0.9354	1.0000	0.2762	1.0000
  418	30.90	0.0000	0.6747	0.9349	1.0000	0.2783	1.0000
  419	31.00	0.0000	0.6742	0.9348	1.0000	0.2788	1.0000
  420	31.20	0.0000	0.6684	0.9337	1.0000	0.2841	1.0000
  421	31.30	0.0000	0.6703	0.9341	1.0000	0.2823	1.0000
  422	31.30	0.0000	0.6687	0.9337	1.0000	0.2838	1.0000
  423	31.30	0.0000	0.6717	0.9343	1.0000	0.2811	1.0000
  424	31.00	0.0000	0.6656	0.9331	1.0000	0.2867	1.0000
  425	30.80	0.0000	0.6621	0.9324	1.0000	0.2899	1.0000
  426	31.00	0.0000	0.6610	0.9322	1.0000	0.2910	1.0000
  427	31.00	0.0000	0.6544	0.9309	1.0000	0.2970	1.0000
  428	31.00	0.0000	0.6617	0.9323	1.0000	0.2903	1.0000
  429	30.90	0.0000	0.6592	0.9318	1.0000	0.2926	1.0000
  430	30.70	0.0000	0.6581	0.9316	1.0000	0.2936	1.0000
  431	30.90	0.0000	0.6580	0.9316	1.0000	0.2936	1.0000
  432	31.20	0.0000	0.6618	0.9324	1.0000	0.2901	1.0000
  433	30.00	0.0000	0.6667	0.9333	1.0000	0.2857	1.0000
  434	30.20	0.0000	0.6598	0.9319	1.0000	0.2920	1.0000
  435	30.40	0.0000	0.6598	0.9319	1.0000	0.2920	1.0000
  436	30.40	0.0000	0.6603	0.9320	1.0000	0.2915	1.0000
  437	30.50	0.0000	0.6682	0.9336	1.0000	0.2843	1.0000
  438	30.50	0.0000	0.6673	0.9334	1.0000	0.2851	1.0000
  439	30.50	0.0000	0.6689	0.9338	1.0000	0.2836	1.0000
  440	30.00	0.0000	0.6721	0.9344	1.0000	0.2807	1.0000
  441	30.20	0.0000	0.6707	0.9341	1.0000	0.2820	1.0000
  442	30.40	0.0000	0.6619	0.9323	1.0000	0.2901	1.0000
  443	30.70	0.0000	0.6592	0.9318	1.0000	0.2926	1.0000
  444	30.50	0.0000	0.6583	0.9316	1.0000	0.2934	1.0000
  445	30.80	0.0000	0.6544	0.9308	1.0000	0.2970	1.0000
  446	31.50	0.0000	0.6607	0.9321	1.0000	0.2912	1.0000
  447	32.00	0.0000	0.6589	0.9318	1.0000	0.2928	1.0000
  448	31.50	0.0000	0.6443	0.9289	1.0000	0.3063	1.0000
  449	31.10	0.0000	0.6466	0.9293	1.0000	0.3043	1.0000
  450	31.20	0.0000	0.6485	0.9297	1.0000	0.3025	1.0000
  451	30.90	0.0000	0.6551	0.9310	1.0000	0.2963	1.0000
  452	30.60	0.0000	0.6527	0.9305	1.0000	0.2986	1.0000
  453	30.50	0.0000	0.6507	0.9301	1.0000	0.3004	1.0000
  454	30.40	0.0000	0.6539	0.9308	1.0000	0.2974	1.0000
  455	30.80	0.0000	0.6559	0.9312	1.0000	0.2956	1.0000
  456	29.80	0.0000	0.6613	0.9322	1.0000	0.2906	1.0000
  457	29.70	0.0000	0.6549	0.9310	1.0000	0.2965	1.0000
  458	29.60	0.0000	0.6549	0.9310	1.0000	0.2965	1.0000
  459	29.10	0.0000	0.6564	0.9313	1.0000	0.2951	1.0000
  460	29.40	0.0000	0.6526	0.9305	1.0000	0.2987	1.0000
  461	30.00	0.0000	0.6509	0.9301	1.0000	0.3002	1.0000
  462	30.10	0.0000	0.6457	0.9291	1.0000	0.3050	1.0000
  463	30.10	0.0000	0.6534	0.9307	1.0000	0.2979	1.0000
  464	30.10	0.0000	0.6474	0.9295	1.0000	0.3034	1.0000
  465	30.20	0.0000	0.6482	0.9296	1.0000	0.3028	1.0000
  466	30.30	0.0000	0.6514	0.9303	1.0000	0.2997	1.0000
  467	29.80	0.0000	0.6463	0.9292	1.0000	0.3045	1.0000
  468	30.20	0.0000	0.6502	0.9300	1.0000	0.3009	1.0000
  469	29.10	0.0000	0.6612	0.9322	1.0000	0.2908	1.0000
  470	28.40	0.0000	0.6573	0.9315	1.0000	0.2943	1.0000
  471	28.20	0.0000	0.6525	0.9305	1.0000	0.2988	1.0000
  472	27.60	0.0000	0.6357	0.9271	1.0000	0.3143	1.0000
  473	27.80	0.0000	0.6280	0.9256	1.0000	0.3215	1.0000
  474	28.00	0.0000	0.6313	0.9263	1.0000	0.3184	1.0000
  475	27.40	0.0000	0.6340	0.9268	1.0000	0.3159	1.0000
  476	27.60	0.0000	0.6270	0.9254	1.0000	0.3225	1.0000
  477	27.40	0.0000	0.6292	0.9258	1.0000	0.3204	1.0000
  478	27.60	0.0000	0.6275	0.9255	1.0000	0.3220	1.0000
  479	27.00	0.0000	0.6295	0.9259	1.0000	0.3202	1.0000
  480	27.50	0.0000	0.6284	0.9257	1.0000	0.3211	1.0000
  481	27.60	0.0000	0.6293	0.9259	1.0000	0.3203	1.0000
  482	27.10	0.0000	0.6335	0.9267	1.0000	0.3164	1.0000
  483	27.40	0.0000	0.6353	0.9270	1.0000	0.3147	1.0000
  484	27.30	0.0000	0.6405	0.9281	1.0000	0.3099	1.0000
  485	27.40	0.0000	0.6410	0.9282	1.0000	0.3094	1.0000
  486	27.60	0.0000	0.6425	0.9285	1.0000	0.3080	1.0000
  487	27.90	0.0000	0.6450	0.9290	1.0000	0.3057	1.0000
  488	27.90	0.0000	0.6436	0.9287	1.0000	0.3070	1.0000
  489	27.70	0.0000	0.6468	0.9294	1.0000	0.3040	1.0000
  490	27.60	0.0000	0.6413	0.9283	1.0000	0.3091	1.0000
  491	27.80	0.0000	0.6390	0.9278	1.0000	0.3113	1.0000
  492	27.90	0.0000	0.6307	0.9261	1.0000	0.3190	1.0000
  493	27.80	0.0000	0.6311	0.9262	1.0000	0.3186	1.0000
  494	27.30	0.0000	0.6334	0.9267	1.0000	0.3165	1.0000
  495	27.50	0.0000	0.6386	0.9277	1.0000	0.3116	1.0000
  496	27.90	0.0000	0.6343	0.9269	1.0000	0.3157	1.0000
  497	27.80	0.0000	0.6326	0.9265	1.0000	0.3173	1.0000
  498	27.70	0.0000	0.6322	0.9264	1.0000	0.3176	1.0000
  499	27.60	0.0000	0.6312	0.9262	1.0000	0.3186	1.0000
  500	27.40	0.0000	0.6333	0.9267	1.0000	0.3166	1.0000