    gen	allel	   Ho	   Hs	   Ht	  Fis	  Fst	  Fit
    1	958.40	0.0000	0.9981	0.9988	1.0000	0.0007	1.0000
    2	904.10	0.0000	0.9973	0.9986	1.0000	0.0013	1.0000
    3	840.70	0.0000	0.9965	0.9984	1.0000	0.0019	1.0000
    4	783.80	0.0000	0.9957	0.9981	1.0000	0.0024	1.0000
    5	735.50	0.0000	0.9953	0.9980	1.0000	0.0027	1.0000
    6	689.60	0.0000	0.9947	0.9977	1.0000	0.0031	1.0000
    7	650.50	0.0000	0.9942	0.9976	1.0000	0.0033	1.0000
    8	610.10	0.0000	0.9938	0.9974	1.0000	0.0035	1.0000
    9	575.40	0.0000	0.9932	0.9971	1.0000	0.0039	1.0000
   10	540.80	0.0000	0.9928	0.9970	1.0000	0.0041	1.0000
   11	509.70	0.0000	0.9922	0.9968	1.0000	0.0046	1.0000
   12	487.10	0.0000	0.9919	0.9966	1.0000	0.0047	1.0000
   13	462.90	0.0000	0.9915	0.9963	1.0000	0.0049	1.0000
   14	443.90	0.0000	0.9914	0.9962	1.0000	0.0048	1.0000
   15	419.60	0.0000	0.9910	0.9960	1.0000	0.0050	1.0000
   16	404.70	0.0000	0.9907	0.9958	1.0000	0.0051	1.0000
   17	386.10	0.0000	0.9900	0.9955	1.0000	0.0055	1.0000
   18	368.30	0.0000	0.9903	0.9955	1.0000	0.0052	1.0000
   19	352.70	0.0000	0.9899	0.9952	1.0000	0.0053	1.0000
   20	342.40	0.0000	0.9899	0.9950	1.0000	0.0052	1.0000
   21	335.70	0.0000	0.9894	0.9950	1.0000	0.0056	1.0000
   22	328.70	0.0000	0.9894	0.9947	1.0000	0.0054	1.0000
   23	319.90	0.0000	0.9887	0.9944	1.0000	0.0058	1.0000
   24	311.20	0.0000	0.9887	0.9943	1.0000	0.0056	1.0000
   25	305.50	0.0000	0.9890	0.9942	1.0000	0.0052	1.0000
   26	293.90	0.0000	0.9887	0.9939	1.0000	0.0053	1.0000
   27	290.10	0.0000	0.9882	0.9937	1.0000	0.0055	1.0000
   28	284.90	0.0000	0.9879	0.9934	1.0000	0.0056	1.0000
   29	277.00	0.0000	0.9880	0.9935	1.0000	0.0056	1.0000
   30	266.90	0.0000	0.9876	0.9933	1.0000	0.0058	1.0000
   31	260.70	0.0000	0.9873	0.9930	1.0000	0.0057	1.0000
   32	255.20	0.0000	0.9871	0.9928	1.0000	0.0057	1.0000
   33	247.10	0.0000	0.9874	0.9927	1.0000	0.0053	1.0000
   34	244.00	0.0000	0.9872	0.9924	1.0000	0.0053	1.0000
   35	237.50	0.0000	0.9874	0.9924	1.0000	0.0050	1.0000
   36	229.30	0.0000	0.9867	0.9922	1.0000	0.0055	1.0000
   37	222.00	0.0000	0.9863	0.9919	1.0000	0.0057	1.0000
   38	213.60	0.0000	0.9859	0.9915	1.0000	0.0057	1.0000
   39	208.10	0.0000	0.9858	0.9913	1.0000	0.0055	1.0000
   40	205.60	0.0000	0.9851	0.9910	1.0000	0.0059	1.0000
   41	196.40	0.0000	0.9845	0.9906	1.0000	0.0062	1.0000
   42	194.50	0.0000	0.9845	0.9904	1.0000	0.0059	1.0000
   43	192.90	0.0000	0.9843	0.9901	1.0000	0.0058	1.0000
   44	189.20	0.0000	0.9841	0.9898	1.0000	0.0058	1.0000
   45	185.80	0.0000	0.9843	0.9897	1.0000	0.0054	1.0000
   46	182.90	0.0000	0.9844	0.9895	1.0000	0.0052	1.0000
   47	180.00	0.0000	0.9844	0.9894	1.0000	0.0050	1.0000
   48	178.20	0.0000	0.9843	0.9894	1.0000	0.0051	1.0000
   49	177.60	0.0000	0.9837	0.9892	1.0000	0.0056	1.0000
   50	175.40	0.0000	0.9832	0.9888	1.0000	0.0056	1.0000
   51	172.90	0.0000	0.9820	0.9882	1.0000	0.0063	1.0000
   52	165.20	0.0000	0.9818	0.9880	1.0000	0.0062	1.0000
   53	162.70	0.0000	0.9819	0.9879	1.0000	0.0061	1.0000
   54	161.20	0.0000	0.9812	0.9873	1.0000	0.0062	1.0000
   55	159.30	0.0000	0.9813	0.9876	1.0000	0.0064	1.0000
   56	158.80	0.0000	0.9814	0.9876	1.0000	0.0063	1.0000
   57	155.00	0.0000	0.9811	0.9875	1.0000	0.0065	1.0000
   58	150.60	0.0000	0.9813	0.9871	1.0000	0.0059	1.0000
   59	149.00	0.0000	0.9814	0.9871	1.0000	0.0058	1.0000
   60	147.50	0.0000	0.9814	0.9871	1.0000	0.0058	1.0000
   61	148.00	0.0000	0.9819	0.9871	1.0000	0.0053	1.0000
   62	144.40	0.0000	0.9818	0.9872	1.0000	0.0055	1.0000
   63	144.20	0.0000	0.9819	0.9872	1.0000	0.0053	1.0000
   64	143.70	0.0000	0.9812	0.9870	1.0000	0.0058	1.0000
   65	142.80	0.0000	0.9804	0.9862	1.0000	0.0059	1.0000
   66	139.90	0.0000	0.9795	0.9857	1.0000	0.0063	1.0000
   67	139.40	0.0000	0.9801	0.9858	1.0000	0.0057	1.0000
   68	138.30	0.0000	0.9805	0.9857	1.0000	0.0053	1.0000
   69	137.60	0.0000	0.9794	0.9848	1.0000	0.0055	1.0000
   70	135.10	0.0000	0.9796	0.9849	1.0000	0.0054	1.0000
   71	133.90	0.0000	0.9795	0.9846	1.0000	0.0053	1.0000
   72	132.80	0.0000	0.9792	0.9844	1.0000	0.0053	1.0000
   73	128.20	0.0000	0.9787	0.9840	1.0000	0.0054	1.0000
   74	126.30	0.0000	0.9781	0.9837	1.0000	0.0057	1.0000
   75	124.60	0.0000	0.9779	0.9833	1.0000	0.0056	1.0000
   76	124.00	0.0000	0.9778	0.9834	1.0000	0.0057	1.0000
   77	121.50	0.0000	0.9776	0.9833	1.0000	0.0058	1.0000
   78	120.60	0.0000	0.9779	0.9834	1.0000	0.0056	1.0000
   79	117.80	0.0000	0.9768	0.9828	1.0000	0.0061	1.0000
   80	117.40	0.0000	0.9766	0.9822	1.0000	0.0057	1.0000
   81	114.80	0.0000	0.9763	0.9815	1.0000	0.0054	1.0000
   82	113.90	0.0000	0.9757	0.9812	1.0000	0.0055	1.0000
   83	112.20	0.0000	0.9752	0.9805	1.0000	0.0054	1.0000
   84	109.40	0.0000	0.9748	0.9803	1.0000	0.0056	1.0000
   85	104.20	0.0000	0.9744	0.9796	1.0000	0.0053	1.0000
   86	102.70	0.0000	0.9743	0.9798	1.0000	0.0056	1.0000
   87	101.50	0.0000	0.9743	0.9797	1.0000	0.0055	1.0000
   88	99.50	0.0000	0.9727	0.9784	1.0000	0.0058	1.0000
   89	97.90	0.0000	0.9722	0.9783	1.0000	0.0062	1.0000
   90	96.20	0.0000	0.9733	0.9784	1.0000	0.0053	1.0000
   91	95.40	0.0000	0.9735	0.9787	1.0000	0.0053	1.0000
   92	95.20	0.0000	0.9741	0.9787	1.0000	0.0047	1.0000
   93	94.00	0.0000	0.9746	0.9787	1.0000	0.0043	1.0000
   94	94.00	0.0000	0.9743	0.9787	1.0000	0.0045	1.0000
   95	91.70	0.0000	0.9740	0.9785	1.0000	0.0046	1.0000
   96	91.10	0.0000	0.9737	0.9785	1.0000	0.0049	1.0000
   97	90.80	0.0000	0.9731	0.9778	1.0000	0.0048	1.0000
   98	89.40	0.0000	0.9730	0.9774	1.0000	0.0045	1.0000
   99	88.80	0.0000	0.9729	0.9773	1.0000	0.0045	1.0000
  100	86.40	0.0000	0.9732	0.9778	1.0000	0.0047	1.0000
  101	85.80	0.0000	0.9731	0.9776	1.0000	0.0046	1.0000
  102	85.60	0.0000	0.9725	0.9772	1.0000	0.0048	1.0000
  103	85.70	0.0000	0.9717	0.9770	1.0000	0.0054	1.0000
  104	84.50	0.0000	0.9715	0.9765	1.0000	0.0050	1.0000
  105	83.60	0.0000	0.9706	0.9758	1.0000	0.0053	1.0000
  106	83.40	0.0000	0.9702	0.9751	1.0000	0.0050	1.0000
  107	83.40	0.0000	0.9696	0.9745	1.0000	0.0050	1.0000
  108	83.30	0.0000	0.9688	0.9733	1.0000	0.0046	1.0000
  109	82.70	0.0000	0.9685	0.9732	1.0000	0.0048	1.0000
  110	80.60	0.0000	0.9680	0.9732	1.0000	0.0053	1.0000
  111	80.10	0.0000	0.9684	0.9734	1.0000	0.0051	1.0000
  112	78.00	0.0000	0.9677	0.9730	1.0000	0.0055	1.0000
  113	78.10	0.0000	0.9667	0.9727	1.0000	0.0061	1.0000
  114	77.30	0.0000	0.9669	0.9730	1.0000	0.0062	1.0000
  115	75.80	0.0000	0.9660	0.9726	1.0000	0.0068	1.0000
  116	74.00	0.0000	0.9648	0.9712	1.0000	0.0066	1.0000
  117	74.30	0.0000	0.9645	0.9711	1.0000	0.0068	1.0000
  118	74.00	0.0000	0.9643	0.9710	1.0000	0.0070	1.0000
  119	74.30	0.0000	0.9644	0.9710	1.0000	0.0068	1.0000
  120	74.20	0.0000	0.9643	0.9702	1.0000	0.0062	1.0000
  121	73.90	0.0000	0.9645	0.9701	1.0000	0.0058	1.0000
  122	74.00	0.0000	0.9642	0.9696	1.0000	0.0055	1.0000
  123	73.00	0.0000	0.9647	0.9699	1.0000	0.0054	1.0000
  124	72.00	0.0000	0.9649	0.9701	1.0000	0.0053	1.0000
  125	71.50	0.0000	0.9651	0.9702	1.0000	0.0053	1.0000
  126	71.00	0.0000	0.9648	0.9700	1.0000	0.0054	1.0000
  127	71.00	0.0000	0.9644	0.9701	1.0000	0.0059	1.0000
  128	70.10	0.0000	0.9640	0.9693	1.0000	0.0054	1.0000
  129	69.90	0.0000	0.9653	0.9705	1.0000	0.0053	1.0000
  130	70.00	0.0000	0.9653	0.9701	1.0000	0.0050	1.0000
  131	70.30	0.0000	0.9658	0.9706	1.0000	0.0049	1.0000
  132	69.60	0.0000	0.9659	0.9704	1.0000	0.0047	1.0000
  133	69.30	0.0000	0.9661	0.9705	1.0000	0.0046	1.0000
  134	67.20	0.0000	0.9659	0.9700	1.0000	0.0042	1.0000
  135	65.40	0.0000	0.9654	0.9694	1.0000	0.0041	1.0000
  136	64.50	0.0000	0.9642	0.9689	1.0000	0.0049	1.0000
  137	64.50	0.0000	0.9634	0.9685	1.0000	0.0053	1.0000
  138	63.40	0.0000	0.9629	0.9679	1.0000	0.0051	1.0000
  139	63.70	0.0000	0.9630	0.9675	1.0000	0.0047	1.0000
  140	64.00	0.0000	0.9632	0.9679	1.0000	0.0049	1.0000
  141	64.10	0.0000	0.9631	0.9673	1.0000	0.0044	1.0000
  142	63.70	0.0000	0.9641	0.9681	1.0000	0.0041	1.0000
  143	63.60	0.0000	0.9639	0.9682	1.0000	0.0045	1.0000
  144	62.70	0.0000	0.9643	0.9687	1.0000	0.0046	1.0000
  145	61.80	0.0000	0.9645	0.9689	1.0000	0.0046	1.0000
  146	62.40	0.0000	0.9644	0.9692	1.0000	0.0050	1.0000
  147	61.20	0.0000	0.9652	0.9701	1.0000	0.0051	1.0000
  148	59.60	0.0000	0.9641	0.9690	1.0000	0.0050	1.0000
  149	58.80	0.0000	0.9645	0.9694	1.0000	0.0051	1.0000
  150	59.30	0.0000	0.9646	0.9697	1.0000	0.0052	1.0000
  151	59.50	0.0000	0.9634	0.9688	1.0000	0.0056	1.0000
  152	58.60	0.0000	0.9622	0.9683	1.0000	0.0062	1.0000
  153	59.00	0.0000	0.9629	0.9689	1.0000	0.0063	1.0000
  154	59.20	0.0000	0.9627	0.9692	1.0000	0.0067	1.0000
  155	59.40	0.0000	0.9634	0.9691	1.0000	0.0059	1.0000
  156	59.40	0.0000	0.9630	0.9689	1.0000	0.0061	1.0000
  157	59.50	0.0000	0.9629	0.9693	1.0000	0.0065	1.0000
  158	58.30	0.0000	0.9625	0.9689	1.0000	0.0067	1.0000
  159	58.40	0.0000	0.9620	0.9686	1.0000	0.0069	1.0000
  160	58.40	0.0000	0.9610	0.9676	1.0000	0.0069	1.0000
  161	58.50	0.0000	0.9587	0.9661	1.0000	0.0076	1.0000
  162	58.40	0.0000	0.9586	0.9652	1.0000	0.0068	1.0000
  163	57.20	0.0000	0.9600	0.9662	1.0000	0.0064	1.0000
  164	56.80	0.0000	0.9600	0.9655	1.0000	0.0057	1.0000
  165	56.10	0.0000	0.9593	0.9650	1.0000	0.0059	1.0000
  166	54.90	0.0000	0.9590	0.9647	1.0000	0.0059	1.0000
  167	54.90	0.0000	0.9590	0.9643	1.0000	0.0056	1.0000
  168	54.50	0.0000	0.9581	0.9634	1.0000	0.0055	1.0000
  169	54.50	0.0000	0.9575	0.9629	1.0000	0.0056	1.0000
  170	52.60	0.0000	0.9566	0.9614	1.0000	0.0050	1.0000
  171	52.30	0.0000	0.9574	0.9616	1.0000	0.0044	1.0000
  172	52.60	0.0000	0.9556	0.9595	1.0000	0.0040	1.0000
  173	52.30	0.0000	0.9563	0.9601	1.0000	0.0040	1.0000
  174	52.70	0.0000	0.9547	0.9589	1.0000	0.0043	1.0000
  175	52.30	0.0000	0.9538	0.9583	1.0000	0.0048	1.0000
  176	52.70	0.0000	0.9528	0.9570	1.0000	0.0044	1.0000
  177	52.30	0.0000	0.9518	0.9558	1.0000	0.0042	1.0000
  178	52.60	0.0000	0.9519	0.9558	1.0000	0.0041	1.0000
  179	52.40	0.0000	0.9512	0.9556	1.0000	0.0047	1.0000
  180	52.50	0.0000	0.9523	0.9563	1.0000	0.0041	1.0000
  181	53.10	0.0000	0.9531	0.9574	1.0000	0.0045	1.0000
  182	53.70	0.0000	0.9529	0.9573	1.0000	0.0046	1.0000
  183	53.70	0.0000	0.9535	0.9582	1.0000	0.0049	1.0000
  184	53.40	0.0000	0.9536	0.9589	1.0000	0.0055	1.0000
  185	53.40	0.0000	0.9536	0.9596	1.0000	0.0062	1.0000
  186	53.20	0.0000	0.9540	0.9594	1.0000	0.0057	1.0000
  187	52.60	0.0000	0.9539	0.9593	1.0000	0.0056	1.0000
  188	52.10	0.0000	0.9541	0.9590	1.0000	0.0052	1.0000
  189	52.60	0.0000	0.9552	0.9602	1.0000	0.0052	1.0000
  190	52.40	0.0000	0.9540	0.9593	1.0000	0.0056	1.0000
  191	52.20	0.0000	0.9536	0.9592	1.0000	0.0059	1.0000
  192	51.70	0.0000	0.9534	0.9589	1.0000	0.0058	1.0000
  193	50.60	0.0000	0.9542	0.9592	1.0000	0.0052	1.0000
  194	50.60	0.0000	0.9536	0.9588	1.0000	0.0054	1.0000
  195	50.70	0.0000	0.9524	0.9572	1.0000	0.0050	1.0000
  196	50.30	0.0000	0.9527	0.9575	1.0000	0.0050	1.0000
  197	50.80	0.0000	0.9518	0.9574	1.0000	0.0059	1.0000
  198	50.80	0.0000	0.9516	0.9573	1.0000	0.0059	1.0000
  199	51.00	0.0000	0.9515	0.9565	1.0000	0.0053	1.0000
  200	50.90	0.0000	0.9513	0.9564	1.0000	0.0054	1.0000
  201	50.40	0.0000	0.9512	0.9558	1.0000	0.0048	1.0000
  202	50.60	0.0000	0.9520	0.9565	1.0000	0.0047	1.0000
  203	51.20	0.0000	0.9511	0.9560	1.0000	0.0052	1.0000
  204	50.70	0.0000	0.9507	0.9551	1.0000	0.0046	1.0000
  205	50.90	0.0000	0.9491	0.9536	1.0000	0.0047	1.0000
  206	51.00	0.0000	0.9465	0.9514	1.0000	0.0052	1.0000
  207	51.00	0.0000	0.9458	0.9516	1.0000	0.0061	1.0000
  208	51.10	0.0000	0.9460	0.9510	1.0000	0.0052	1.0000
  209	50.90	0.0000	0.9449	0.9498	1.0000	0.0051	1.0000
  210	50.80	0.0000	0.9443	0.9490	1.0000	0.0049	1.0000
  211	49.80	0.0000	0.9448	0.9496	1.0000	0.0051	1.0000
  212	50.10	0.0000	0.9449	0.9500	1.0000	0.0054	1.0000
  213	49.50	0.0000	0.9454	0.9505	1.0000	0.0054	1.0000
  214	49.40	0.0000	0.9449	0.9496	1.0000	0.0050	1.0000
  215	48.80	0.0000	0.9445	0.9491	1.0000	0.0049	1.0000
  216	47.70	0.0000	0.9436	0.9480	1.0000	0.0046	1.0000
  217	47.70	0.0000	0.9419	0.9466	1.0000	0.0049	1.0000
  218	48.10	0.0000	0.9419	0.9465	1.0000	0.0049	1.0000
  219	48.10	0.0000	0.9423	0.9473	1.0000	0.0053	1.0000
  220	48.00	0.0000	0.9405	0.9456	1.0000	0.0054	1.0000
  221	47.50	0.0000	0.9389	0.9435	1.0000	0.0049	1.0000
  222	46.80	0.0000	0.9405	0.9445	1.0000	0.0043	1.0000
  223	46.60	0.0000	0.9395	0.9441	1.0000	0.0049	1.0000
  224	46.20	0.0000	0.9377	0.9426	1.0000	0.0051	1.0000
  225	46.10	0.0000	0.9340	0.9397	1.0000	0.0061	1.0000
  226	46.30	0.0000	0.9351	0.9402	1.0000	0.0055	1.0000
  227	45.10	0.0000	0.9363	0.9412	1.0000	0.0053	1.0000
  228	45.20	0.0000	0.9347	0.9399	1.0000	0.0055	1.0000
  229	45.00	0.0000	0.9349	0.9397	1.0000	0.0050	1.0000
  230	43.50	0.0000	0.9372	0.9412	1.0000	0.0042	1.0000
  231	43.60	0.0000	0.9352	0.9393	1.0000	0.0044	1.0000
  232	42.90	0.0000	0.9339	0.9384	1.0000	0.0048	1.0000
  233	42.00	0.0000	0.9344	0.9394	1.0000	0.0053	1.0000
  234	41.40	0.0000	0.9309	0.9364	1.0000	0.0059	1.0000
  235	41.50	0.0000	0.9311	0.9365	1.0000	0.0058	1.0000
  236	41.90	0.0000	0.9318	0.9365	1.0000	0.0051	1.0000
  237	41.80	0.0000	0.9349	0.9405	1.0000	0.0059	1.0000
  238	41.80	0.0000	0.9328	0.9388	1.0000	0.0064	1.0000
  239	41.40	0.0000	0.9315	0.9371	1.0000	0.0060	1.0000
  240	40.50	0.0000	0.9340	0.9395	1.0000	0.0059	1.0000
  241	39.10	0.0000	0.9356	0.9411	1.0000	0.0058	1.0000
  242	39.10	0.0000	0.9356	0.9411	1.0000	0.0058	1.0000
  243	38.50	0.0000	0.9357	0.9413	1.0000	0.0059	1.0000
  244	38.10	0.0000	0.9368	0.9425	1.0000	0.0060	1.0000
  245	38.40	0.0000	0.9343	0.9402	1.0000	0.0063	1.0000
  246	38.70	0.0000	0.9333	0.9389	1.0000	0.0059	1.0000
  247	38.60	0.0000	0.9331	0.9388	1.0000	0.0060	1.0000
  248	39.20	0.0000	0.9315	0.9379	1.0000	0.0069	1.0000
  249	38.50	0.0000	0.9336	0.9399	1.0000	0.0067	1.0000
  250	38.70	0.0000	0.9358	0.9417	1.0000	0.0063	1.0000
  251	38.30	0.0000	0.9364	0.9424	1.0000	0.0064	1.0000
  252	38.60	0.0000	0.9336	0.9401	1.0000	0.0069	1.0000
  253	38.40	0.0000	0.9317	0.9377	1.0000	0.0064	1.0000
  254	38.60	0.0000	0.9281	0.9331	1.0000	0.0053	1.0000
  255	38.20	0.0000	0.9273	0.9333	1.0000	0.0064	1.0000
  256	38.30	0.0000	0.9264	0.9323	1.0000	0.0063	1.0000
  257	38.20	0.0000	0.9281	0.9353	1.0000	0.0077	1.0000
  258	38.30	0.0000	0.9315	0.9380	1.0000	0.0070	1.0000
  259	38.30	0.0000	0.9323	0.9384	1.0000	0.0065	1.0000
  260	38.30	0.0000	0.9285	0.9358	1.0000	0.0079	1.0000
  261	38.00	0.0000	0.9295	0.9367	1.0000	0.0077	1.0000
  262	38.20	0.0000	0.9320	0.9388	1.0000	0.0073	1.0000
  263	38.60	0.0000	0.9324	0.9394	1.0000	0.0075	1.0000
  264	38.40	0.0000	0.9339	0.9401	1.0000	0.0066	1.0000
  265	38.50	0.0000	0.9311	0.9376	1.0000	0.0069	1.0000
  266	38.20	0.0000	0.9307	0.9370	1.0000	0.0067	1.0000
  267	38.10	0.0000	0.9326	0.9389	1.0000	0.0068	1.0000
  268	37.40	0.0000	0.9326	0.9394	1.0000	0.0073	1.0000
  269	37.90	0.0000	0.9295	0.9366	1.0000	0.0075	1.0000
  270	38.00	0.0000	0.9275	0.9352	1.0000	0.0083	1.0000
  271	38.20	0.0000	0.9279	0.9338	1.0000	0.0064	1.0000
  272	37.30	0.0000	0.9265	0.9333	1.0000	0.0073	1.0000
  273	37.20	0.0000	0.9259	0.9337	1.0000	0.0083	1.0000
  274	36.90	0.0000	0.9275	0.9352	1.0000	0.0082	1.0000
  275	37.10	0.0000	0.9290	0.9361	1.0000	0.0076	1.0000
  276	36.90	0.0000	0.9306	0.9378	1.0000	0.0077	1.0000
  277	36.90	0.0000	0.9312	0.9390	1.0000	0.0083	1.0000
  278	37.40	0.0000	0.9313	0.9383	1.0000	0.0075	1.0000
  279	37.30	0.0000	0.9318	0.9385	1.0000	0.0072	1.0000
  280	37.30	0.0000	0.9319	0.9386	1.0000	0.0071	1.0000
  281	37.70	0.0000	0.9302	0.9366	1.0000	0.0068	1.0000
  282	37.40	0.0000	0.9315	0.9374	1.0000	0.0063	1.0000
  283	37.60	0.0000	0.9313	0.9374	1.0000	0.0065	1.0000
  284	37.70	0.0000	0.9313	0.9376	1.0000	0.0068	1.0000
  285	37.30	0.0000	0.9292	0.9355	1.0000	0.0067	1.0000
  286	37.10	0.0000	0.9285	0.9350	1.0000	0.0069	1.0000
  287	36.90	0.0000	0.9313	0.9372	1.0000	0.0063	1.0000
  288	36.80	0.0000	0.9307	0.9370	1.0000	0.0066	1.0000
  289	36.70	0.0000	0.9286	0.9356	1.0000	0.0075	1.0000
  290	35.90	0.0000	0.9301	0.9366	1.0000	0.0069	1.0000
  291	35.90	0.0000	0.9301	0.9355	1.0000	0.0058	1.0000
  292	36.10	0.0000	0.9307	0.9357	1.0000	0.0053	1.0000
  293	36.20	0.0000	0.9302	0.9361	1.0000	0.0063	1.0000
  294	36.50	0.0000	0.9299	0.9355	1.0000	0.0060	1.0000
  295	36.00	0.0000	0.9315	0.9374	1.0000	0.0063	1.0000
  296	36.10	0.0000	0.9313	0.9372	1.0000	0.0063	1.0000
  297	35.70	0.0000	0.9312	0.9368	1.0000	0.0060	1.0000
  298	35.30	0.0000	0.9300	0.9341	1.0000	0.0044	1.0000
  299	35.80	0.0000	0.9303	0.9346	1.0000	0.0045	1.0000
  300	35.50	0.0000	0.9307	0.9351	1.0000	0.0047	1.0000
  301	35.30	0.0000	0.9322	0.9367	1.0000	0.0048	1.0000
  302	35.40	0.0000	0.9321	0.9365	1.0000	0.0047	1.0000
  303	34.20	0.0000	0.9320	0.9366	1.0000	0.0049	1.0000
  304	34.00	0.0000	0.9329	0.9366	1.0000	0.0040	1.0000
  305	34.50	0.0000	0.9309	0.9350	1.0000	0.0044	1.0000
  306	34.20	0.0000	0.9301	0.9340	1.0000	0.0042	1.0000
  307	34.20	0.0000	0.9291	0.9330	1.0000	0.0042	1.0000
  308	34.60	0.0000	0.9294	0.9335	1.0000	0.0044	1.0000
  309	34.20	0.0000	0.9305	0.9348	1.0000	0.0046	1.0000
  310	34.10	0.0000	0.9299	0.9341	1.0000	0.0046	1.0000
  311	33.70	0.0000	0.9316	0.9367	1.0000	0.0054	1.0000
  312	34.00	0.0000	0.9325	0.9371	1.0000	0.0049	1.0000
  313	33.90	0.0000	0.9310	0.9352	1.0000	0.0045	1.0000
  314	33.80	0.0000	0.9285	0.9337	1.0000	0.0056	1.0000
  315	34.40	0.0000	0.9283	0.9346	1.0000	0.0067	1.0000
  316	34.50	0.0000	0.9297	0.9355	1.0000	0.0062	1.0000
  317	34.60	0.0000	0.9283	0.9354	1.0000	0.0077	1.0000
  318	34.30	0.0000	0.9290	0.9355	1.0000	0.0069	1.0000
  319	34.30	0.0000	0.9294	0.9353	1.0000	0.0062	1.0000
  320	34.20	0.0000	0.9277	0.9341	1.0000	0.0068	1.0000
  321	34.20	0.0000	0.9259	0.9316	1.0000	0.0061	1.0000
  322	33.80	0.0000	0.9269	0.9318	1.0000	0.0052	1.0000
  323	32.40	0.0000	0.9248	0.9298	1.0000	0.0054	1.0000
  324	32.00	0.0000	0.9222	0.9268	1.0000	0.0050	1.0000
  325	32.50	0.0000	0.9228	0.9276	1.0000	0.0052	1.0000
  326	32.30	0.0000	0.9216	0.9266	1.0000	0.0054	1.0000
  327	32.20	0.0000	0.9234	0.9284	1.0000	0.0054	1.0000
  328	32.10	0.0000	0.9219	0.9273	1.0000	0.0058	1.0000
  329	32.20	0.0000	0.9169	0.9234	1.0000	0.0070	1.0000
  330	31.60	0.0000	0.9139	0.9201	1.0000	0.0068	1.0000
  331	31.50	0.0000	0.9129	0.9191	1.0000	0.0068	1.0000
  332	31.40	0.0000	0.9121	0.9191	1.0000	0.0077	1.0000
  333	31.60	0.0000	0.9092	0.9157	1.0000	0.0070	1.0000
  334	31.40	0.0000	0.9106	0.9169	1.0000	0.0069	1.0000
  335	31.60	0.0000	0.9092	0.9159	1.0000	0.0073	1.0000
  336	31.20	0.0000	0.9106	0.9168	1.0000	0.0067	1.0000
  337	31.40	0.0000	0.9118	0.9177	1.0000	0.0064	1.0000
  338	31.60	0.0000	0.9095	0.9150	1.0000	0.0061	1.0000
  339	32.30	0.0000	0.9032	0.9093	1.0000	0.0066	1.0000
  340	32.10	0.0000	0.9057	0.9118	1.0000	0.0068	1.0000
  341	32.20	0.0000	0.9030	0.9092	1.0000	0.0068	1.0000
  342	32.10	0.0000	0.9024	0.9094	1.0000	0.0078	1.0000
  343	32.30	0.0000	0.9079	0.9142	1.0000	0.0069	1.0000
  344	32.00	0.0000	0.9091	0.9160	1.0000	0.0075	1.0000
  345	32.00	0.0000	0.9092	0.9166	1.0000	0.0081	1.0000
  346	31.90	0.0000	0.9067	0.9151	1.0000	0.0092	1.0000
  347	31.70	0.0000	0.9102	0.9177	1.0000	0.0081	1.0000
  348	31.80	0.0000	0.9096	0.9164	1.0000	0.0074	1.0000
  349	31.90	0.0000	0.9116	0.9179	1.0000	0.0069	1.0000
  350	31.80	0.0000	0.9108	0.9180	1.0000	0.0079	1.0000
  351	32.00	0.0000	0.9107	0.9170	1.0000	0.0069	1.0000
  352	32.10	0.0000	0.9127	0.9185	1.0000	0.0064	1.0000
  353	32.30	0.0000	0.9114	0.9173	1.0000	0.0065	1.0000
  354	31.60	0.0000	0.9107	0.9166	1.0000	0.0064	1.0000
  355	31.50	0.0000	0.9068	0.9143	1.0000	0.0082	1.0000
  356	31.80	0.0000	0.9072	0.9141	1.0000	0.0076	1.0000
  357	30.60	0.0000	0.9044	0.9124	1.0000	0.0087	1.0000
  358	30.70	0.0000	0.9048	0.9121	1.0000	0.0079	1.0000
  359	30.80	0.0000	0.9061	0.9136	1.0000	0.0082	1.0000
  360	30.60	0.0000	0.9061	0.9135	1.0000	0.0081	1.0000
  361	30.60	0.0000	0.9035	0.9110	1.0000	0.0082	1.0000
  362	30.30	0.0000	0.9064	0.9136	1.0000	0.0079	1.0000
  363	30.60	0.0000	0.9050	0.9118	1.0000	0.0074	1.0000
  364	31.00	0.0000	0.9027	0.9099	1.0000	0.0079	1.0000
  365	30.40	0.0000	0.9043	0.9106	1.0000	0.0069	1.0000
  366	30.50	0.0000	0.9018	0.9081	1.0000	0.0070	1.0000
  367	30.20	0.0000	0.8980	0.9043	1.0000	0.0070	1.0000
  368	30.40	0.0000	0.8930	0.9002	1.0000	0.0080	1.0000
  369	30.70	0.0000	0.9002	0.9058	1.0000	0.0063	1.0000
  370	30.80	0.0000	0.9008	0.9056	1.0000	0.0053	1.0000
  371	30.40	0.0000	0.9017	0.9062	1.0000	0.0050	1.0000
  372	30.00	0.0000	0.9004	0.9046	1.0000	0.0046	1.0000
  373	30.10	0.0000	0.8970	0.9024	1.0000	0.0060	1.0000
  374	30.40	0.0000	0.8976	0.9031	1.0000	0.0060	1.0000
  375	30.20	0.0000	0.8990	0.9041	1.0000	0.0056	1.0000
  376	30.50	0.0000	0.8968	0.9028	1.0000	0.0066	1.0000
  377	31.20	0.0000	0.8980	0.9042	1.0000	0.0069	1.0000
  378	31.00	0.0000	0.8990	0.9052	1.0000	0.0069	1.0000
  379	30.90	0.0000	0.9012	0.9062	1.0000	0.0055	1.0000
  380	30.70	0.0000	0.8956	0.9007	1.0000	0.0057	1.0000
  381	31.00	0.0000	0.8943	0.9001	1.0000	0.0064	1.0000
  382	30.90	0.0000	0.8915	0.8985	1.0000	0.0078	1.0000
  383	29.70	0.0000	0.8907	0.8967	1.0000	0.0067	1.0000
  384	29.90	0.0000	0.8902	0.8968	1.0000	0.0074	1.0000
  385	30.10	0.0000	0.8907	0.8963	1.0000	0.0063	1.0000
  386	30.50	0.0000	0.8879	0.8947	1.0000	0.0076	1.0000
  387	30.40	0.0000	0.8909	0.8981	1.0000	0.0080	1.0000
  388	30.20	0.0000	0.8940	0.9003	1.0000	0.0071	1.0000
  389	29.90	0.0000	0.8986	0.9039	1.0000	0.0060	1.0000
  390	29.70	0.0000	0.8992	0.9045	1.0000	0.0059	1.0000
  391	29.80	0.0000	0.8949	0.9001	1.0000	0.0057	1.0000
  392	29.70	0.0000	0.8924	0.8976	1.0000	0.0058	1.0000
  393	30.10	0.0000	0.8923	0.8981	1.0000	0.0065	1.0000
  394	30.40	0.0000	0.8939	0.8998	1.0000	0.0065	1.0000
  395	30.20	0.0000	0.8920	0.8977	1.0000	0.0064	1.0000
  396	30.50	0.0000	0.8897	0.8956	1.0000	0.0065	1.0000
  397	31.10	0.0000	0.8951	0.8996	1.0000	0.0050	1.0000
  398	30.30	0.0000	0.8928	0.8975	1.0000	0.0053	1.0000
  399	30.40	0.0000	0.8934	0.8988	1.0000	0.0060	1.0000
  400	30.00	0.0000	0.8958	0.9007	1.0000	0.0054	1.0000
  401	30.00	0.0000	0.8962	0.9010	1.0000	0.0054	1.0000
  402	29.90	0.0000	0.8975	0.9020	1.0000	0.0050	1.0000
  403	30.20	0.0000	0.8930	0.8980	1.0000	0.0056	1.0000
  404	29.90	0.0000	0.8986	0.9024	1.0000	0.0042	1.0000
  405	30.10	0.0000	0.9041	0.9082	1.0000	0.0044	1.0000
  406	30.10	0.0000	0.9028	0.9064	1.0000	0.0040	1.0000
  407	29.80	0.0000	0.9019	0.9050	1.0000	0.0034	1.0000
  408	29.50	0.0000	0.9019	0.9049	1.0000	0.0033	1.0000
  409	28.60	0.0000	0.8972	0.9006	1.0000	0.0038	1.0000
  410	28.60	0.0000	0.8991	0.9024	1.0000	0.0037	1.0000
  411	28.80	0.0000	0.9010	0.9044	1.0000	0.0038	1.0000
  412	28.50	0.0000	0.8997	0.9027	1.0000	0.0033	1.0000
  413	28.40	0.0000	0.9043	0.9077	1.0000	0.0037	1.0000
  414	27.90	0.0000	0.9024	0.9067	1.0000	0.0048	1.0000
  415	27.70	0.0000	0.9016	0.9049	1.0000	0.0037	1.0000
  416	28.00	0.0000	0.9000	0.9040	1.0000	0.0044	1.0000
  417	28.10	0.0000	0.8997	0.9036	1.0000	0.0043	1.0000
  418	26.80	0.0000	0.9020	0.9061	1.0000	0.0045	1.0000
  419	27.10	0.0000	0.8996	0.9040	1.0000	0.0049	1.0000
  420	27.20	0.0000	0.8985	0.9032	1.0000	0.0052	1.0000
  421	27.50	0.0000	0.9000	0.9047	1.0000	0.0052	1.0000
  422	27.90	0.0000	0.8995	0.9046	1.0000	0.0056	1.0000
  423	27.90	0.0000	0.9013	0.9068	1.0000	0.0061	1.0000
  424	27.60	0.0000	0.9029	0.9085	1.0000	0.0061	1.0000
  425	27.60	0.0000	0.9061	0.9114	1.0000	0.0059	1.0000
  426	27.50	0.0000	0.9064	0.9119	1.0000	0.0060	1.0000
  427	27.50	0.0000	0.9071	0.9132	1.0000	0.0067	1.0000
  428	28.00	0.0000	0.9119	0.9169	1.0000	0.0054	1.0000
  429	27.90	0.0000	0.9113	0.9167	1.0000	0.0059	1.0000
  430	28.00	0.0000	0.9113	0.9162	1.0000	0.0054	1.0000
  431	27.70	0.0000	0.9133	0.9180	1.0000	0.0051	1.0000
  432	27.90	0.0000	0.9119	0.9168	1.0000	0.0054	1.0000
  433	27.60	0.0000	0.9134	0.9177	1.0000	0.0046	1.0000
  434	27.50	0.0000	0.9148	0.9180	1.0000	0.0034	1.0000
  435	27.30	0.0000	0.9136	0.9170	1.0000	0.0037	1.0000
  436	26.90	0.0000	0.9109	0.9146	1.0000	0.0040	1.0000
  437	27.20	0.0000	0.9113	0.9158	1.0000	0.0049	1.0000
  438	27.10	0.0000	0.9135	0.9173	1.0000	0.0041	1.0000
  439	26.90	0.0000	0.9138	0.9186	1.0000	0.0052	1.0000
  440	26.90	0.0000	0.9160	0.9209	1.0000	0.0053	1.0000
  441	27.30	0.0000	0.9155	0.9202	1.0000	0.0051	1.0000
  442	27.70	0.0000	0.9166	0.9213	1.0000	0.0051	1.0000
  443	27.90	0.0000	0.9164	0.9224	1.0000	0.0065	1.0000
  444	27.70	0.0000	0.9172	0.9220	1.0000	0.0053	1.0000
  445	28.00	0.0000	0.9189	0.9236	1.0000	0.0050	1.0000
  446	28.20	0.0000	0.9183	0.9240	1.0000	0.0062	1.0000
  447	27.80	0.0000	0.9166	0.9234	1.0000	0.0074	1.0000
  448	27.80	0.0000	0.9160	0.9230	1.0000	0.0076	1.0000
  449	27.80	0.0000	0.9152	0.9219	1.0000	0.0073	1.0000
  450	27.50	0.0000	0.9128	0.9204	1.0000	0.0083	1.0000
  451	27.30	0.0000	0.9165	0.9226	1.0000	0.0066	1.0000
  452	26.90	0.0000	0.9169	0.9216	1.0000	0.0051	1.0000
  453	26.90	0.0000	0.9143	0.9197	1.0000	0.0058	1.0000
  454	27.10	0.0000	0.9128	0.9185	1.0000	0.0063	1.0000
  455	27.40	0.0000	0.9123	0.9175	1.0000	0.0057	1.0000
  456	27.60	0.0000	0.9110	0.9170	1.0000	0.0065	1.0000
  457	28.00	0.0000	0.9134	0.9189	1.0000	0.0061	1.0000
  458	28.30	0.0000	0.9146	0.9190	1.0000	0.0048	1.0000
  459	28.20	0.0000	0.9133	0.9180	1.0000	0.0052	1.0000
  460	28.00	0.0000	0.9136	0.9178	1.0000	0.0046	1.0000
  461	27.50	0.0000	0.9143	0.9187	1.0000	0.0047	1.0000
  462	27.50	0.0000	0.9123	0.9173	1.0000	0.0054	1.0000
  463	27.40	0.0000	0.9115	0.9175	1.0000	0.0065	1.0000
  464	27.50	0.0000	0.9128	0.9183	1.0000	0.0059	1.0000
  465	27.00	0.0000	0.9091	0.9163	1.0000	0.0079	1.0000
  466	27.00	0.0000	0.9064	0.9142	1.0000	0.0085	1.0000
  467	27.20	0.0000	0.9082	0.9162	1.0000	0.0087	1.0000
  468	27.40	0.0000	0.9079	0.9155	1.0000	0.0083	1.0000
  469	27.50	0.0000	0.9083	0.9166	1.0000	0.0090	1.0000
  470	27.10	0.0000	0.9070	0.9151	1.0000	0.0089	1.0000
  471	27.40	0.0000	0.9078	0.9150	1.0000	0.0079	1.0000
  472	27.00	0.0000	0.9086	0.9147	1.0000	0.0067	1.0000
  473	27.00	0.0000	0.9099	0.9149	1.0000	0.0054	1.0000
  474	26.70	0.0000	0.9074	0.9128	1.0000	0.0058	1.0000
  475	26.70	0.0000	0.9061	0.9113	1.0000	0.0057	1.0000
  476	26.70	0.0000	0.9058	0.9106	1.0000	0.0053	1.0000
  477	26.50	0.0000	0.9011	0.9061	1.0000	0.0055	1.0000
  478	27.20	0.0000	0.9021	0.9069	1.0000	0.0053	1.0000
  479	27.50	0.0000	0.9026	0.9071	1.0000	0.0049	1.0000
  480	27.20	0.0000	0.9032	0.9078	1.0000	0.0051	1.0000
  481	27.40	0.0000	0.9074	0.9122	1.0000	0.0053	1.0000
  482	27.40	0.0000	0.9096	0.9144	1.0000	0.0052	1.0000
  483	27.40	0.0000	0.9100	0.9148	1.0000	0.0053	1.0000
  484	27.00	0.0000	0.9092	0.9133	1.0000	0.0045	1.0000
  485	27.20	0.0000	0.9090	0.9127	1.0000	0.0041	1.0000
  486	26.20	0.0000	0.9082	0.9123	1.0000	0.0045	1.0000
  487	25.90	0.0000	0.9078	0.9119	1.0000	0.0045	1.0000
  488	25.30	0.0000	0.9082	0.9123	1.0000	0.0045	1.0000
  489	25.20	0.0000	0.9090	0.9134	1.0000	0.0048	1.0000
  490	25.40	0.0000	0.9069	0.9117	1.0000	0.0053	1.0000
  491	25.40	0.0000	0.9089	0.9125	1.0000	0.0039	1.0000
  492	25.60	0.0000	0.9059	0.9101	1.0000	0.0046	1.0000
  493	25.60	0.0000	0.9067	0.9109	1.0000	0.0047	1.0000
  494	25.90	0.0000	0.9078	0.9123	1.0000	0.0050	1.0000
  495	25.80	0.0000	0.9080	0.9130	1.0000	0.0055	1.0000
  496	25.60	0.0000	0.9076	0.9125	1.0000	0.0054	1.0000
  497	25.90	0.0000	0.9080	0.9133	1.0000	0.0059	1.0000
  498	25.90	0.0000	0.9064	0.9123	1.0000	0.0064	1.0000
  499	26.00	0.0000	0.9054	0.9106	1.0000	0.0057	1.0000
  500	25.60	0.0000	0.9040	0.9099	1.0000	0.0064	1.0000